0.014837
0.015276
0.002593
0.023217
0.006722
0.013437
0.006968
0.019232
0.008871
0.016833
0.014908
0.017482
0.022071
0.005015
0.007026
0.006198
0.015215
0.020505
0.006989
0.014013
0.005916
0.003736
0.005023
0.013411
0.016631
0.005049
0.023489
0.013415
0.001866
0.009003
0.011525
0.005121
0.006048
0.020416
0.010241
0.018239
0.012336
0.003308
0.017954
0.010641
0.011507
0.010974
0.009168
0.017421
0.016996
0.010063
0.013768
0.001668
0.001605
0.004594
0.005439
0.020841
0.015215
0.012514
0.014679
0.012244
0.010239
0.020580
0.014740
0.012451
0.005725
0.014369
0.009756
0.012829
0.018998
0.007888
0.021825
0.010727
0.005800
0.013312
0.001401
0.008914
0.002719
0.007290
0.004175
0.007266
0.022142
0.010771
0.014416
0.002250
0.002702
0.017172
0.006896
0.002999
0.005582
0.009678
0.007451
0.014832
0.007577
0.013874
0.011957
0.018612
0.012881
0.014240
0.012578
0.006131
0.015833
0.010877
0.009932
0.001449
0.003583
0.022226
0.005244
0.018434
0.001928
0.017877
0.006604
0.005331
0.006659
0.012433
0.007911
0.013087
0.000380
0.014430
0.014980
0.007412
0.008152
0.016107
0.010583
0.009104
0.010951
0.006180
0.005375
0.015529
0.007861
0.016944
0.027069
0.015790
0.001561
0.012084
0.008363
0.007564
0.013641
0.004495
0.026072
0.010816
0.009499
0.008003
0.021773
0.004422
0.004081
0.007006
0.002731
0.012157
0.009065
0.005876
0.013135
0.011321
0.012413
0.013604
0.002525
0.002312
0.004632
0.003032
0.021261
0.015919
0.021229
0.011123
0.026354
0.007183
0.004980
0.019182
0.008397
0.010124
0.019465
0.024363
0.008037
0.012082
0.002260
0.004162
0.015226
0.008222
0.001514
0.014888
0.012579
0.004834
0.011056
0.003028
0.005668
0.005759
0.009016
0.007182
0.017357
0.012781
0.017486
0.014154
0.005621
0.005300
0.005233
0.004783
0.007362
0.007122
0.015644
0.006640
0.006879
0.008555
0.009101
0.002532
0.010011
0.009604
0.010175
0.006613
0.004965
0.000439
0.008491
0.005842
0.014103
0.009313
0.012749
0.008614
0.016935
0.016924
0.005445
0.016176
0.009353
0.012672
0.027775
0.010334
0.003800
0.009839
0.017806
0.019919
0.017040
0.008864
0.005148
0.018985
0.008363
0.004059
0.015687
0.003779
0.010002
0.004441
0.011333
0.010567
0.005313
0.016358
0.003789
0.016088
0.014937
0.012487
0.009199
0.018396
0.009096
0.019431
0.009447
0.009065
0.002147
0.010844
0.006947
0.006253
0.011007
0.006606
0.019554
0.013430
0.005196
0.002837
1.000000
0.011306
0.026646
0.018743
0.001879
0.014219
0.013921
0.005841
0.001321
0.011634
0.013427
0.012065
0.012037
0.003631
0.014911
0.006449
0.015903
0.009018
0.003382
0.016246
0.018305
0.011916
0.020452
0.009595
0.015135
0.009719
0.011987
0.008854
0.007699
0.008823
0.008078
0.013845
0.014285
0.007374
0.014108
0.027158
0.021724
0.005429
0.011123
0.008643
0.008804
0.006083
0.009519
0.002995
0.011459
0.001499
0.006653
0.024251
0.011770
0.001566
0.011775
0.019915
0.005372
0.006430
0.010125
0.006940
0.011957
0.001713
0.013057
0.017810
0.015240
0.019407
0.006749
0.004756
0.020497
0.009447
0.014007
0.018087
0.005987
0.017013
0.020546
0.013146
0.015410
0.009910
0.006868
0.006839
0.012969
0.007264
0.008964
0.008863
0.008310
0.004229
0.007432
0.016411
0.008592
0.010771
0.027756
0.024977
0.015689
0.006861
0.020401
0.008114
0.010788
0.012052
0.011617
0.016193
0.014956
0.004543
0.013785
0.003828
0.019621
0.014059
0.018236
0.008207
0.007395
0.027337
0.011371
0.011850
0.008149
0.023349
0.007412
0.010826
0.013007
0.013454
0.008637
0.014099
0.013214
0.016961
0.017699
0.000798
0.013516
0.002520
0.003671
0.018759
0.017616
0.018821
0.011384
0.006556
0.010702
0.014320
0.003984
0.011689
0.014762
0.004249
0.015448
0.018341
0.002692
0.006340
0.004106
0.015866
0.023361
0.016665
0.010257
0.013858
0.012540
0.012465
0.013302
0.003866
0.009707
0.012174
0.017995
0.008725
0.003682
0.003465
0.007704
0.004633
0.016218
0.005491
0.018573
0.007764
0.013732
0.011944
0.013450
0.007335
0.022058
0.015438
0.009353
0.016771
0.008570
0.011481
0.005094
0.009443
0.009166
0.008310
0.007304
0.009053
0.011632
0.006789
0.013467
0.011216
0.004852
0.010184
0.006015
0.023341
0.007591
0.009291
0.015782
0.006255
0.003592
0.009272
0.006718
0.010695
0.012897
0.011892
0.016285
0.012378
0.009526
0.013202
0.007675
0.011862
0.027069
0.009198
0.004587
0.010154
0.008886
0.008920
0.013793
0.021289
0.012449
0.005127
0.018735
0.015190
0.013252
0.009991
0.008443
0.003682
0.011437
0.010859
0.006215
0.014102
0.019079
0.016950
0.004586
0.013412
0.026700
0.016191
0.008973
0.007638
0.015197
0.010259
0.009973
0.007038
0.016991
0.006684
0.013008
0.004467
0.021569
0.031489
0.010361
0.013674
0.015236
0.010744
0.007581
0.006009
0.024689
0.007818
0.012273
0.014416
0.015904
0.006463
0.006251
0.007423
0.018485
0.010532
0.016176
0.005805
0.976526
0.005526
0.005396
0.014229
0.015070
0.012275
0.006390
0.006651
0.009284
0.013705
0.012424
0.005756
0.016884
0.004446
0.002809
0.006717
0.025364
0.016824
0.003336
0.015361
0.004371
0.007710
0.008002
0.015293
0.007967
0.006689
0.007300
0.018435
0.003140
0.012772
0.019849
0.012109
0.002123
0.020088
0.023747
0.003009
0.021139
0.020230
0.008312
0.010063
0.004689
0.005475
0.009245
0.010122
0.014430
0.022573
0.011723
0.006587
0.013969
0.015941
0.020104
0.011686
0.005699
0.010627
0.007232
0.004868
0.019979
0.003149
0.003473
0.010211
0.026296
0.015871
0.020341
0.012295
0.005265
0.007266
0.017429
0.005620
0.004278
0.008152
0.017085
0.004300
0.006429
0.014425
0.016748
0.006130
0.007000
0.005116
0.016367
0.014697
0.027658
0.015973
0.010811
0.004293
0.016018
0.012838
0.024764
0.013349
0.007632
0.003460
0.015348
0.018851
0.002271
0.015031
0.006372
0.010371
0.016300
0.007606
0.002468
0.018433
0.034897
0.009130
0.011596
0.020102
0.012435
0.011592
0.017270
0.012382
0.003726
0.010261
0.005204
0.002417
0.015527
0.012401
0.019979
0.009867
0.004387
0.016800
0.004737
0.006937
0.003752
0.000966
0.019547
0.018182
0.015045
0.023067
0.026371
0.006337
0.014427
0.009635
0.004019
0.014588
0.015741
0.032094
0.007996
0.005964
0.004436
0.009386
0.014707
0.004491
0.005333
0.004342
0.015603
0.006509
0.018947
0.013454
0.007369
0.016168
0.004410
0.007737
0.013208
0.002302
0.008350
0.008698
0.015458
0.012707
0.006440
0.008041
0.014475
0.011718
0.012822
0.013382
0.002665
0.009015
0.014645
0.003509
0.007862
0.014793
0.006917
0.015295
0.016775
0.011472
0.005199
0.017509
0.014234
0.019641
0.024994
0.011788
0.016598
0.008921
0.004706
0.018419
0.013906
0.011943
0.007605
0.014836
0.007167
0.012251
0.026393
0.015100
0.005410
0.007529
0.014149
0.012583
0.004574
0.010276
0.006658
0.006942
0.009469
0.003391
0.014693
0.012614
0.006641
0.013454
0.017048
0.014255
0.011053
0.009328
0.012151
0.005403
0.004504
0.006593
0.015765
0.008226
0.006562
0.010310
0.004833
0.017849
0.007489
0.010308
0.011911
0.012075
0.017527
0.002583
0.012703
0.008386
0.006213
0.001272
0.005989
0.006520
0.007537
0.017297
0.020351
0.019948
0.003711
0.007509
0.021740
0.014570
0.029755
0.013357
0.012114
0.004931
0.012526
0.015791
0.004814
0.011141
0.015008
0.012638
0.013012
0.012280
0.009913
0.016402
0.018730
0.011808
0.007228
0.009067
0.980068
0.006555
0.000812
0.006133
0.006956
0.012835
0.002094
0.011558
0.004433
0.009753
0.028015
0.009277
0.009240
0.004055
0.014055
0.022176
0.006617
0.023338
0.012404
0.006968
0.009316
0.011963
0.013413
0.005795
0.005980
0.012643
0.001520
0.007685
0.007242
0.016011
0.013830
0.002809
0.016988
0.004956
0.004228
0.003429
0.009799
0.011476
0.019870
0.008894
0.013371
0.005106
0.010568
0.008366
0.018890
0.002020
0.006597
0.017395
0.016671
0.008170
0.011934
0.020370
0.010939
0.003017
0.019390
0.015295
0.021098
0.021668
0.005077
0.013843
0.007845
0.008652
0.019699
0.005563
0.011542
0.008171
0.006090
0.022665
0.009335
0.007662
0.005700
0.024906
0.010572
0.007741
0.014756
0.007027
0.014817
0.020767
0.001759
0.014931
0.003278
0.026316
0.026577
0.005284
0.009025
0.014808
0.001195
0.007887
0.009672
0.007378
0.003635
0.004507
0.008386
0.005472
0.018357
0.008718
0.014268
0.008124
0.011248
0.022506
0.018854
0.007868
0.002197
0.010544
0.009960
0.014468
0.019215
0.009498
0.008741
0.011678
0.013723
0.011905
0.013995
0.005420
0.006370
0.011788
0.014448
0.008803
0.018601
0.007282
0.003881
0.008778
0.005431
0.012365
0.007353
0.004748
0.008631
0.010360
0.006300
0.010510
0.002260
0.016731
0.012243
0.014116
0.010971
0.015205
0.007267
0.018018
0.008077
0.016332
0.006072
0.011949
0.013507
0.004020
0.016283
0.002604
0.011838
0.003851
0.009621
0.007729
0.010527
0.014622
0.022218
0.009529
0.003809
0.007066
0.010406
0.021420
0.007299
0.014388
0.009601
0.021003
0.007742
0.011270
0.005459
0.005538
0.006240
0.008816
0.005155
0.004570
0.011302
0.004551
0.005403
0.008758
0.004366
0.005615
0.013211
0.020847
0.007660
0.004649
0.017348
0.006589
0.011345
0.004371
0.006760
0.014925
0.014735
0.002841
0.015459
0.012884
0.010620
0.001425
0.008204
0.012364
0.010778
0.015062
0.013198
0.010022
0.006549
0.013183
0.015197
0.015948
0.012850
0.011455
0.005795
0.011469
0.017654
0.010915
0.014041
0.011149
0.011488
0.014746
0.014993
0.011384
0.006654
0.007874
0.006205
0.016207
0.015762
0.017335
0.005124
0.014668
0.007511
0.002198
0.004866
0.010845
0.008530
0.008514
0.012500
0.012606
0.016340
0.010429
0.014969
0.013667
0.012342
0.011199
0.012232
0.009393
0.018692
0.010107
0.012202
0.008819
0.020706
0.005386
0.005795
0.007624
0.012641
0.003943
0.016926
0.008386
0.010641
0.010909
0.014485
0.012358
0.006816
0.016475
0.002100
0.016475
0.006816
0.012358
0.014485
0.010909
0.010641
0.008386
0.016926
0.003943
0.012641
0.007624
0.005795
0.005386
0.020706
0.008819
0.012202
0.010107
0.018692
0.009393
0.012232
0.011199
0.012342
0.013667
0.014969
0.010429
0.016340
0.012606
0.012500
0.008514
0.008530
0.010845
0.004866
0.002198
0.007511
0.014668
0.005124
0.017335
0.015762
0.016207
0.006205
0.007874
0.006654
0.011384
0.014993
0.014746
0.011488
0.011149
0.014041
0.010915
0.017654
0.011469
0.005795
0.011455
0.012850
0.015948
0.015197
0.013183
0.006549
0.010022
0.013198
0.015062
0.010778
0.012364
0.008204
0.001425
0.010620
0.012884
0.015459
0.002841
0.014735
0.014925
0.006760
0.004371
0.011345
0.006589
0.017348
0.004649
0.007660
0.020847
0.013211
0.005615
0.004366
0.008758
0.005403
0.004551
0.011302
0.004570
0.005155
0.008816
0.006240
0.005538
0.005459
0.011270
0.007742
0.021003
0.009601
0.014388
0.007299
0.021420
0.010406
0.007066
0.003809
0.009529
0.022218
0.014622
0.010527
0.007729
0.009621
0.003851
0.011838
0.002604
0.016283
0.004020
0.013507
0.011949
0.006072
0.016332
0.008077
0.018018
0.007267
0.015205
0.010971
0.014116
0.012243
0.016731
0.002260
0.010510
0.006300
0.010360
0.008631
0.004748
0.007353
0.012365
0.005431
0.008778
0.003881
0.007282
0.018601
0.008803
0.014448
0.011788
0.006370
0.005420
0.013995
0.011905
0.013723
0.011678
0.008741
0.009498
0.019215
0.014468
0.009960
0.010544
0.002197
0.007868
0.018854
0.022506
0.011248
0.008124
0.014268
0.008718
0.018357
0.005472
0.008386
0.004507
0.003635
0.007378
0.009672
0.007887
0.001195
0.014808
0.009025
0.005284
0.026577
0.026316
0.003278
0.014931
0.001759
0.020767
0.014817
0.007027
0.014756
0.007741
0.010572
0.024906
0.005700
0.007662
0.009335
0.022665
0.006090
0.008171
0.011542
0.005563
0.019699
0.008652
0.007845
0.013843
0.005077
0.021668
0.021098
0.015295
0.019390
0.003017
0.010939
0.020370
0.011934
0.008170
0.016671
0.017395
0.006597
0.002020
0.018890
0.008366
0.010568
0.005106
0.013371
0.008894
0.019870
0.011476
0.009799
0.003429
0.004228
0.004956
0.016988
0.002809
0.013830
0.016011
0.007242
0.007685
0.001520
0.012643
0.005980
0.005795
0.013413
0.011963
0.009316
0.006968
0.012404
0.023338
0.006617
0.022176
0.014055
0.004055
0.009240
0.009277
0.028015
0.009753
0.004433
0.011558
0.002094
0.012835
0.006956
0.006133
0.000812
0.006555
0.980068
0.009067
0.007228
0.011808
0.018730
0.016402
0.009913
0.012280
0.013012
0.012638
0.015008
0.011141
0.004814
0.015791
0.012526
0.004931
0.012114
0.013357
0.029755
0.014570
0.021740
0.007509
0.003711
0.019948
0.020351
0.017297
0.007537
0.006520
0.005989
0.001272
0.006213
0.008386
0.012703
0.002583
0.017527
0.012075
0.011911
0.010308
0.007489
0.017849
0.004833
0.010310
0.006562
0.008226
0.015765
0.006593
0.004504
0.005403
0.012151
0.009328
0.011053
0.014255
0.017048
0.013454
0.006641
0.012614
0.014693
0.003391
0.009469
0.006942
0.006658
0.010276
0.004574
0.012583
0.014149
0.007529
0.005410
0.015100
0.026393
0.012251
0.007167
0.014836
0.007605
0.011943
0.013906
0.018419
0.004706
0.008921
0.016598
0.011788
0.024994
0.019641
0.014234
0.017509
0.005199
0.011472
0.016775
0.015295
0.006917
0.014793
0.007862
0.003509
0.014645
0.009015
0.002665
0.013382
0.012822
0.011718
0.014475
0.008041
0.006440
0.012707
0.015458
0.008698
0.008350
0.002302
0.013208
0.007737
0.004410
0.016168
0.007369
0.013454
0.018947
0.006509
0.015603
0.004342
0.005333
0.004491
0.014707
0.009386
0.004436
0.005964
0.007996
0.032094
0.015741
0.014588
0.004019
0.009635
0.014427
0.006337
0.026371
0.023067
0.015045
0.018182
0.019547
0.000966
0.003752
0.006937
0.004737
0.016800
0.004387
0.009867
0.019979
0.012401
0.015527
0.002417
0.005204
0.010261
0.003726
0.012382
0.017270
0.011592
0.012435
0.020102
0.011596
0.009130
0.034897
0.018433
0.002468
0.007606
0.016300
0.010371
0.006372
0.015031
0.002271
0.018851
0.015348
0.003460
0.007632
0.013349
0.024764
0.012838
0.016018
0.004293
0.010811
0.015973
0.027658
0.014697
0.016367
0.005116
0.007000
0.006130
0.016748
0.014425
0.006429
0.004300
0.017085
0.008152
0.004278
0.005620
0.017429
0.007266
0.005265
0.012295
0.020341
0.015871
0.026296
0.010211
0.003473
0.003149
0.019979
0.004868
0.007232
0.010627
0.005699
0.011686
0.020104
0.015941
0.013969
0.006587
0.011723
0.022573
0.014430
0.010122
0.009245
0.005475
0.004689
0.010063
0.008312
0.020230
0.021139
0.003009
0.023747
0.020088
0.002123
0.012109
0.019849
0.012772
0.003140
0.018435
0.007300
0.006689
0.007967
0.015293
0.008002
0.007710
0.004371
0.015361
0.003336
0.016824
0.025364
0.006717
0.002809
0.004446
0.016884
0.005756
0.012424
0.013705
0.009284
0.006651
0.006390
0.012275
0.015070
0.014229
0.005396
0.005526
0.976526
0.005805
0.016176
0.010532
0.018485
0.007423
0.006251
0.006463
0.015904
0.014416
0.012273
0.007818
0.024689
0.006009
0.007581
0.010744
0.015236
0.013674
0.010361
0.031489
0.021569
0.004467
0.013008
0.006684
0.016991
0.007038
0.009973
0.010259
0.015197
0.007638
0.008973
0.016191
0.026700
0.013412
0.004586
0.016950
0.019079
0.014102
0.006215
0.010859
0.011437
0.003682
0.008443
0.009991
0.013252
0.015190
0.018735
0.005127
0.012449
0.021289
0.013793
0.008920
0.008886
0.010154
0.004587
0.009198
0.027069
0.011862
0.007675
0.013202
0.009526
0.012378
0.016285
0.011892
0.012897
0.010695
0.006718
0.009272
0.003592
0.006255
0.015782
0.009291
0.007591
0.023341
0.006015
0.010184
0.004852
0.011216
0.013467
0.006789
0.011632
0.009053
0.007304
0.008310
0.009166
0.009443
0.005094
0.011481
0.008570
0.016771
0.009353
0.015438
0.022058
0.007335
0.013450
0.011944
0.013732
0.007764
0.018573
0.005491
0.016218
0.004633
0.007704
0.003465
0.003682
0.008725
0.017995
0.012174
0.009707
0.003866
0.013302
0.012465
0.012540
0.013858
0.010257
0.016665
0.023361
0.015866
0.004106
0.006340
0.002692
0.018341
0.015448
0.004249
0.014762
0.011689
0.003984
0.014320
0.010702
0.006556
0.011384
0.018821
0.017616
0.018759
0.003671
0.002520
0.013516
0.000798
0.017699
0.016961
0.013214
0.014099
0.008637
0.013454
0.013007
0.010826
0.007412
0.023349
0.008149
0.011850
0.011371
0.027337
0.007395
0.008207
0.018236
0.014059
0.019621
0.003828
0.013785
0.004543
0.014956
0.016193
0.011617
0.012052
0.010788
0.008114
0.020401
0.006861
0.015689
0.024977
0.027756
0.010771
0.008592
0.016411
0.007432
0.004229
0.008310
0.008863
0.008964
0.007264
0.012969
0.006839
0.006868
0.009910
0.015410
0.013146
0.020546
0.017013
0.005987
0.018087
0.014007
0.009447
0.020497
0.004756
0.006749
0.019407
0.015240
0.017810
0.013057
0.001713
0.011957
0.006940
0.010125
0.006430
0.005372
0.019915
0.011775
0.001566
0.011770
0.024251
0.006653
0.001499
0.011459
0.002995
0.009519
0.006083
0.008804
0.008643
0.011123
0.005429
0.021724
0.027158
0.014108
0.007374
0.014285
0.013845
0.008078
0.008823
0.007699
0.008854
0.011987
0.009719
0.015135
0.009595
0.020452
0.011916
0.018305
0.016246
0.003382
0.009018
0.015903
0.006449
0.014911
0.003631
0.012037
0.012065
0.013427
0.011634
0.001321
0.005841
0.013921
0.014219
0.001879
0.018743
0.026646
0.011306
1.000000
0.002837
0.005196
0.013430
0.019554
0.006606
0.011007
0.006253
0.006947
0.010844
0.002147
0.009065
0.009447
0.019431
0.009096
0.018396
0.009199
0.012487
0.014937
0.016088
0.003789
0.016358
0.005313
0.010567
0.011333
0.004441
0.010002
0.003779
0.015687
0.004059
0.008363
0.018985
0.005148
0.008864
0.017040
0.019919
0.017806
0.009839
0.003800
0.010334
0.027775
0.012672
0.009353
0.016176
0.005445
0.016924
0.016935
0.008614
0.012749
0.009313
0.014103
0.005842
0.008491
0.000439
0.004965
0.006613
0.010175
0.009604
0.010011
0.002532
0.009101
0.008555
0.006879
0.006640
0.015644
0.007122
0.007362
0.004783
0.005233
0.005300
0.005621
0.014154
0.017486
0.012781
0.017357
0.007182
0.009016
0.005759
0.005668
0.003028
0.011056
0.004834
0.012579
0.014888
0.001514
0.008222
0.015226
0.004162
0.002260
0.012082
0.008037
0.024363
0.019465
0.010124
0.008397
0.019182
0.004980
0.007183
0.026354
0.011123
0.021229
0.015919
0.021261
0.003032
0.004632
0.002312
0.002525
0.013604
0.012413
0.011321
0.013135
0.005876
0.009065
0.012157
0.002731
0.007006
0.004081
0.004422
0.021773
0.008003
0.009499
0.010816
0.026072
0.004495
0.013641
0.007564
0.008363
0.012084
0.001561
0.015790
0.027069
0.016944
0.007861
0.015529
0.005375
0.006180
0.010951
0.009104
0.010583
0.016107
0.008152
0.007412
0.014980
0.014430
0.000380
0.013087
0.007911
0.012433
0.006659
0.005331
0.006604
0.017877
0.001928
0.018434
0.005244
0.022226
0.003583
0.001449
0.009932
0.010877
0.015833
0.006131
0.012578
0.014240
0.012881
0.018612
0.011957
0.013874
0.007577
0.014832
0.007451
0.009678
0.005582
0.002999
0.006896
0.017172
0.002702
0.002250
0.014416
0.010771
0.022142
0.007266
0.004175
0.007290
0.002719
0.008914
0.001401
0.013312
0.005800
0.010727
0.021825
0.007888
0.018998
0.012829
0.009756
0.014369
0.005725
0.012451
0.014740
0.020580
0.010239
0.012244
0.014679
0.012514
0.015215
0.020841
0.005439
0.004594
0.001605
0.001668
0.013768
0.010063
0.016996
0.017421
0.009168
0.010974
0.011507
0.010641
0.017954
0.003308
0.012336
0.018239
0.010241
0.020416
0.006048
0.005121
0.011525
0.009003
0.001866
0.013415
0.023489
0.005049
0.016631
0.013411
0.005023
0.003736
0.005916
0.014013
0.006989
0.020505
0.015215
0.006198
0.007026
0.005015
0.022071
0.017482
0.014908
0.016833
0.008871
0.019232
0.006968
0.013437
0.006722
0.023217
0.002593
0.015276
