1	0.606000
2	0.698000
3	0.689000
4	0.708000
5	0.736000
6	0.752000
7	0.776000
8	0.763000
9	0.818000
10	0.816000
11	0.860000
12	0.836000
13	0.884000
14	0.869000
15	0.905000
16	0.926000
17	1.025000
18	1.032000
19	1.086000
20	0.973000
21	1.272000
22	1.103000
23	1.246000
24	1.159000
25	1.378000
26	1.210000
27	1.630000
28	1.260000
29	1.424000
30	1.381000
31	1.552000
32	1.200000
33	1.503000
34	1.859000
35	1.561000
36	1.384000
37	3.749000
38	1.961000
39	1.636000
40	2.364000
41	3.314000
42	1.590000
43	2.091000
44	1.528000
45	1.851000
46	2.554000
47	2.858000
48	1.557000
49	2.518000
50	1.691000
51	2.614000
52	1.662000
53	4.556000
54	3.076000
55	2.621000
56	1.671000
57	2.793000
58	3.173000
59	3.322000
60	2.708000
61	4.832000
62	3.282000
63	2.246000
64	1.743000
65	3.000000
66	1.900000
67	4.500000
68	2.500000
69	3.500000
70	3.100000
71	5.400000
72	2.300000
73	6.000000
74	11.400000
75	2.300000
76	2.800000
77	2.600000
78	2.100000
79	4.600000
80	3.200000
81	2.500000
82	6.900000
83	6.200000
84	2.900000
85	3.400000
86	4.800000
87	4.000000
88	2.300000
89	6.200000
90	3.900000
91	2.700000
92	3.400000
93	4.300000
94	5.800000
95	3.600000
96	2.400000
97	6.600000
98	2.600000
99	2.900000
100	2.400000
101	8.400000
102	3.900000
103	8.700000
104	2.500000
105	3.100000
106	9.100000
107	7.300000
108	4.100000
109	9.200000
110	4.200000
111	9.300000
112	2.300000
113	6.500000
114	4.300000
115	4.800000
116	4.300000
117	3.100000
118	6.900000
119	4.400000
120	3.000000
121	4.200000
122	9.200000
123	9.400000
124	4.800000
125	3.200000
126	3.300000
127	5.900000
128	3.200000
129	6.200000
130	5.100000
131	9.500000
132	3.800000
133	4.800000
134	8.500000
135	3.600000
136	4.700000
137	10.000000
138	5.100000
139	9.100000
140	3.000000
141	7.400000
142	10.800000
143	4.500000
144	4.900000
145	5.700000
146	10.300000
147	4.500000
148	10.500000
149	8.500000
150	3.400000
151	10.900000
152	5.200000
153	5.100000
154	4.600000
155	6.300000
156	4.200000
157	7.200000
158	9.800000
159	12.400000
160	4.500000
161	6.000000
162	4.700000
163	12.200000
164	11.200000
165	4.700000
166	12.200000
167	10.800000
168	4.500000
169	4.900000
170	5.900000
171	5.700000
172	7.200000
173	10.800000
174	6.400000
175	4.500000
176	4.700000
177	8.900000
178	12.500000
179	11.100000
180	6.000000
181	13.000000
182	5.100000
183	12.900000
184	6.600000
185	14.700000
186	7.200000
187	6.800000
188	9.400000
189	5.500000
190	6.300000
191	11.000000
192	6.300000
193	13.600000
194	13.200000
195	5.000000
196	4.800000
197	8.400000
198	5.100000
199	8.500000
200	4.100000
201	12.000000
202	13.500000
203	7.700000
204	6.600000
205	14.400000
206	14.300000
207	7.100000
208	5.400000
209	7.700000
210	5.200000
211	13.300000
212	16.400000
213	15.000000
214	14.700000
215	9.900000
216	5.500000
217	8.500000
218	17.400000
219	14.900000
220	5.700000
221	8.400000
222	16.900000
223	14.700000
224	4.600000
225	5.200000
226	13.100000
227	13.400000
228	7.600000
229	13.200000
230	8.000000
231	5.900000
232	9.000000
233	13.400000
234	6.000000
235	11.700000
236	11.500000
237	13.500000
238	7.900000
239	13.400000
240	5.600000
241	14.700000
242	7.900000
243	6.500000
244	16.700000
245	6.200000
246	16.800000
247	8.600000
248	10.600000
249	17.900000
250	5.300000
251	17.100000
252	5.700000
253	9.500000
254	11.500000
255	8.600000
256	4.600000
257	15.500000
258	11.100000
259	19.800000
260	6.300000
261	9.600000
262	18.000000
263	16.900000
264	6.100000
265	19.400000
266	8.800000
267	18.200000
268	15.000000
269	16.500000
270	7.200000
271	19.700000
272	8.600000
273	6.900000
274	18.100000
275	5.900000
276	9.400000
277	16.500000
278	18.100000
279	10.100000
280	6.400000
281	16.500000
282	13.500000
283	17.400000
284	18.900000
285	9.500000
286	8.700000
287	19.400000
288	7.000000
289	12.400000
290	12.500000
291	18.900000
292	19.100000
293	15.500000
294	6.900000
295	14.100000
296	21.800000
297	7.400000
298	17.700000
299	11.100000
300	6.900000
301	12.700000
302	21.600000
303	19.800000
304	9.500000
305	20.500000
306	9.500000
307	15.700000
308	7.300000
309	20.500000
310	11.700000
311	16.000000
312	7.300000
313	15.800000
314	14.700000
315	7.800000
316	15.600000
317	13.100000
318	23.100000
319	12.200000
320	6.300000
321	20.600000
322	10.700000
323	13.200000
324	10.000000
325	7.000000
326	23.500000
327	24.600000
328	21.600000
329	15.800000
330	7.300000
331	17.600000
332	22.800000
333	24.900000
334	21.800000
335	19.300000
336	7.500000
337	17.600000
338	10.500000
339	18.700000
340	10.800000
341	13.800000
342	10.400000
343	8.300000
344	15.700000
345	11.900000
346	22.200000
347	21.300000
348	12.300000
349	21.200000
350	6.700000
351	8.300000
352	8.900000
353	21.300000
354	16.700000
355	23.700000
356	22.600000
357	11.100000
358	21.800000
359	21.400000
360	8.400000
361	15.100000
362	25.700000
363	10.900000
364	8.100000
365	23.600000
366	24.200000
367	20.100000
368	12.000000
369	25.600000
370	27.300000
371	26.400000
372	13.600000
373	20.600000
374	13.600000
375	7.500000
376	17.300000
377	15.300000
378	8.400000
379	17.600000
380	11.800000
381	16.900000
382	22.600000
383	18.900000
384	8.800000
385	8.800000
386	26.700000
387	15.800000
388	24.500000
389	18.200000
390	8.400000
391	16.200000
392	10.100000
393	26.400000
394	17.100000
395	19.800000
396	8.900000
397	18.400000
398	17.300000
399	12.600000
400	7.000000
401	23.600000
402	22.100000
403	15.500000
404	25.700000
405	9.300000
406	15.000000
407	32.300000
408	12.600000
409	25.200000
410	27.500000
411	26.700000
412	26.500000
413	19.200000
414	13.700000
415	27.700000
416	10.400000
417	26.000000
418	15.700000
419	25.200000
420	9.200000
421	25.300000
422	26.700000
423	19.700000
424	29.800000
425	13.000000
426	27.400000
427	28.200000
428	26.000000
429	12.200000
430	18.400000
431	25.600000
432	10.200000
433	29.800000
434	15.700000
435	15.300000
436	30.000000
437	19.600000
438	27.600000
439	27.500000
440	9.600000
441	10.000000
442	15.300000
443	28.000000
444	32.000000
445	28.400000
446	29.500000
447	24.500000
448	8.500000
449	28.000000
450	10.700000
451	31.100000
452	25.300000
453	31.100000
454	26.600000
455	10.200000
456	13.500000
457	21.600000
458	26.600000
459	15.600000
460	15.000000
461	21.400000
462	9.900000
463	21.500000
464	16.100000
465	16.700000
466	26.800000
467	21.800000
468	10.200000
469	25.300000
470	22.400000
471	21.000000
472	21.400000
473	22.800000
474	23.100000
475	13.700000
476	14.000000
477	33.400000
478	27.100000
479	23.100000
480	10.600000
481	36.400000
482	31.300000
483	15.600000
484	12.800000
485	30.300000
486	11.500000
487	33.900000
488	31.400000
489	34.200000
490	10.200000
491	26.700000
492	32.800000
493	22.600000
494	17.500000
495	10.900000
496	17.600000
497	32.200000
498	32.600000
499	26.600000
500	10.500000
501	33.100000
502	33.600000
503	20.000000
504	10.800000
505	31.800000
506	18.600000
507	14.000000
508	21.200000
509	21.400000
510	14.900000
511	32.100000
512	8.900000
513	15.800000
514	31.300000
515	32.900000
516	22.600000
517	25.300000
518	37.900000
519	31.900000
520	11.200000
521	31.300000
522	18.400000
523	31.100000
524	33.800000
525	11.300000
526	33.000000
527	25.700000
528	12.600000
529	23.300000
530	37.200000
531	24.500000
532	15.800000
533	36.100000
534	34.000000
535	33.100000
536	28.700000
537	32.100000
538	33.200000
539	12.100000
540	12.200000
541	36.900000
542	39.200000
543	37.500000
544	15.600000
545	39.100000
546	11.400000
547	30.500000
548	33.800000
549	35.500000
550	12.400000
551	24.100000
552	19.000000
553	26.700000
554	33.200000
555	40.300000
556	33.900000
557	30.700000
558	20.100000
559	24.100000
560	11.200000
561	19.100000
562	33.400000
563	30.400000
564	26.200000
565	30.800000
566	33.700000
567	12.100000
568	36.100000
569	33.600000
570	16.800000
571	34.100000
572	14.900000
573	32.600000
574	38.200000
575	17.400000
576	12.800000
577	37.700000
578	24.600000
579	40.400000
580	20.200000
581	37.900000
582	36.000000
583	42.800000
584	36.200000
585	12.800000
586	31.300000
587	29.100000
588	13.000000
589	27.500000
590	27.500000
591	25.200000
592	42.000000
593	29.200000
594	12.500000
595	17.200000
596	32.100000
597	25.600000
598	21.300000
599	29.400000
600	12.400000
601	38.300000
602	24.500000
603	32.400000
604	39.000000
605	15.100000
606	37.500000
607	30.600000
608	18.900000
609	20.900000
610	39.900000
611	29.600000
612	17.600000
613	34.100000
614	32.300000
615	40.400000
616	13.200000
617	33.000000
618	38.400000
619	34.300000
620	21.800000
621	20.900000
622	32.600000
623	38.700000
624	12.400000
625	12.200000
626	32.400000
627	21.500000
628	27.300000
629	51.800000
630	12.800000
631	26.300000
632	30.100000
633	40.000000
634	26.400000
635	26.800000
636	44.100000
637	13.600000
638	25.000000
639	40.500000
640	10.900000
641	38.400000
642	39.400000
643	38.300000
644	20.200000
645	28.400000
646	26.900000
647	38.100000
648	15.300000
649	31.200000
650	14.200000
651	23.300000
652	46.400000
653	41.400000
654	46.300000
655	42.000000
656	42.700000
657	40.900000
658	30.600000
659	41.600000
660	13.400000
661	41.700000
662	36.500000
663	22.200000
664	43.100000
665	19.500000
666	47.400000
667	30.500000
668	40.300000
669	43.600000
670	38.600000
671	44.100000
672	13.500000
673	41.800000
674	35.900000
675	13.800000
676	16.900000
677	32.500000
678	36.200000
679	41.600000
680	19.300000
681	39.200000
682	26.600000
683	32.500000
684	20.100000
685	41.700000
686	13.800000
687	39.200000
688	28.500000
689	49.800000
690	21.500000
691	33.900000
692	41.200000
693	14.500000
694	43.800000
695	41.500000
696	23.400000
697	53.000000
698	43.100000
699	39.300000
700	14.300000
701	33.000000
702	14.400000
703	58.100000
704	14.100000
705	33.100000
706	43.200000
707	44.900000
708	32.800000
709	33.100000
710	46.200000
711	34.200000
712	45.300000
713	32.800000
714	22.100000
715	18.300000
716	41.200000
717	39.600000
718	43.300000
719	33.000000
720	16.100000
721	44.700000
722	30.500000
723	44.100000
724	49.800000
725	24.000000
726	19.600000
727	43.700000
728	16.300000
729	15.400000
730	45.900000
731	36.000000
732	47.300000
733	38.700000
734	40.700000
735	14.800000
736	22.900000
737	41.700000
738	48.500000
739	38.900000
740	52.400000
741	24.800000
742	51.000000
743	38.700000
744	26.700000
745	40.300000
746	41.000000
747	48.400000
748	24.000000
749	45.200000
750	16.800000
751	48.100000
752	34.400000
753	49.400000
754	28.500000
755	49.900000
756	16.300000
757	34.900000
758	35.400000
759	27.000000
760	22.100000
761	35.000000
762	32.200000
763	53.900000
764	41.900000
765	22.000000
766	35.700000
767	37.900000
768	14.600000
769	45.800000
770	17.300000
771	46.400000
772	51.000000
773	36.100000
774	32.300000
775	26.100000
776	47.200000
777	55.000000
778	37.300000
779	60.600000
780	15.700000
781	52.500000
782	33.500000
783	26.900000
784	15.400000
785	34.900000
786	50.000000
787	36.300000
788	33.700000
789	48.200000
790	38.200000
791	41.600000
792	16.300000
793	53.400000
794	38.700000
795	55.000000
796	32.600000
797	36.200000
798	23.100000
799	45.300000
800	15.000000
801	49.600000
802	49.300000
803	52.400000
804	43.500000
805	25.100000
806	30.800000
807	50.000000
808	49.500000
809	47.500000
810	18.100000
811	55.400000
812	27.200000
813	57.500000
814	58.700000
815	55.600000
816	23.900000
817	42.200000
818	50.300000
819	17.200000
820	54.100000
821	49.500000
822	50.200000
823	49.500000
824	50.600000
825	18.800000
826	39.000000
827	51.900000
828	25.800000
829	50.100000
830	54.900000
831	48.200000
832	16.600000
833	23.500000
834	50.900000
835	50.700000
836	27.100000
837	29.700000
838	51.100000
839	50.100000
840	16.800000
841	42.200000
842	51.600000
843	49.600000
844	50.300000
845	20.600000
846	38.900000
847	20.100000
848	58.400000
849	50.100000
850	24.600000
851	72.800000
852	54.600000
853	50.600000
854	55.000000
855	25.100000
856	51.200000
857	50.100000
858	22.900000
859	51.700000
860	34.500000
861	56.300000
862	52.000000
863	50.100000
864	19.000000
865	51.200000
866	61.100000
867	34.600000
868	30.000000
869	43.800000
870	30.300000
871	48.600000
872	60.600000
873	53.200000
874	37.600000
875	18.400000
876	54.500000
877	43.800000
878	56.700000
879	45.700000
880	17.500000
881	43.900000
882	17.200000
883	44.100000
884	28.200000
885	40.900000
886	56.600000
887	43.900000
888	62.600000
889	38.400000
890	55.900000
891	18.600000
892	57.800000
893	50.900000
894	47.900000
895	53.900000
896	17.100000
897	31.400000
898	57.000000
899	43.900000
900	22.400000
901	71.500000
902	61.400000
903	37.600000
904	47.000000
905	60.800000
906	60.600000
907	53.600000
908	51.100000
909	55.900000
910	20.300000
911	52.000000
912	26.300000
913	61.500000
914	44.100000
915	59.000000
916	52.400000
917	59.800000
918	25.500000
919	52.400000
920	28.300000
921	47.700000
922	44.600000
923	60.600000
924	24.100000
925	60.700000
926	44.500000
927	57.200000
928	30.900000
929	52.400000
930	31.900000
931	27.500000
932	51.400000
933	48.300000
934	44.400000
935	29.400000
936	19.000000
937	52.500000
938	50.200000
939	48.300000
940	43.000000
941	43.700000
942	41.400000
943	73.300000
944	43.900000
945	19.000000
946	41.400000
947	43.900000
948	45.200000
949	61.800000
950	27.900000
951	39.200000
952	27.100000
953	44.100000
954	67.100000
955	53.200000
956	51.800000
957	35.400000
958	44.800000
959	57.500000
960	18.100000
961	47.300000
962	68.800000
963	57.700000
964	61.900000
965	63.800000
966	29.700000
967	57.200000
968	22.600000
969	39.200000
970	61.100000
971	57.300000
972	22.400000
973	57.900000
974	67.700000
975	21.900000
976	62.300000
977	50.400000
978	65.900000
979	62.400000
980	19.100000
981	68.800000
982	54.100000
983	50.700000
984	64.000000
985	41.600000
986	43.700000
987	46.600000
988	31.500000
989	53.200000
990	23.600000
991	51.200000
992	34.100000
993	53.200000
994	63.200000
995	43.000000
996	66.800000
997	50.800000
998	54.000000
999	70.400000
1000	20.500000
1001	23.700000
1002	61.400000
1003	55.900000
1004	63.400000
1005	54.500000
1006	44.100000
1007	80.300000
1008	20.500000
1009	55.500000
1010	64.300000
1011	53.200000
1012	34.500000
1013	55.900000
1014	26.900000
1015	34.000000
1016	42.000000
1017	53.200000
1018	42.000000
1019	43.700000
1020	28.500000
1021	44.400000
1022	64.400000
1023	38.500000
1024	17.200000
1025	65.400000
1026	29.900000
1027	52.200000
1028	60.900000
1029	24.200000
1030	64.400000
1031	64.800000
1032	42.700000
1033	64.800000
1034	49.000000
1035	32.200000
1036	72.500000
1037	75.500000
1038	61.400000
1039	64.800000
1040	20.700000
1041	63.800000
1042	64.400000
1043	55.800000
1044	34.900000
1045	34.300000
1046	66.100000
1047	65.000000
1048	66.200000
1049	65.000000
1050	21.700000
1051	66.100000
1052	63.000000
1053	21.900000
1054	47.800000
1055	65.600000
1056	20.600000
1057	69.400000
1058	47.300000
1059	64.400000
1060	74.400000
1061	65.500000
1062	49.200000
1063	65.000000
1064	31.200000
1065	68.000000
1066	71.800000
1067	67.700000
1068	66.300000
1069	65.300000
1070	65.700000
1071	30.200000
1072	59.400000
1073	93.600000
1074	63.000000
1075	43.000000
1076	63.400000
1077	64.400000
1078	23.400000
1079	72.100000
1080	23.700000
1081	63.900000
1082	74.000000
1083	44.600000
1084	74.200000
1085	37.700000
1086	72.300000
1087	68.700000
1088	30.200000
1089	25.000000
1090	76.500000
1091	68.900000
1092	22.700000
1093	70.000000
1094	62.900000
1095	68.000000
1096	66.500000
1097	69.500000
1098	70.300000
1099	48.000000
1100	22.600000
1101	61.900000
1102	49.900000
1103	69.700000
1104	33.300000
1105	34.500000
1106	53.100000
1107	71.600000
1108	63.400000
1109	69.900000
1110	77.400000
1111	69.900000
1112	65.800000
1113	77.500000
1114	62.000000
1115	72.100000
1116	38.500000
1117	70.100000
1118	48.200000
1119	61.300000
1120	20.800000
1121	64.600000
1122	37.200000
1123	71.500000
1124	63.600000
1125	23.300000
1126	61.800000
1127	34.700000
1128	51.100000
1129	54.300000
1130	59.600000
1131	43.400000
1132	63.700000
1133	72.300000
1134	22.100000
1135	64.900000
1136	73.400000
1137	52.900000
1138	69.000000
1139	72.800000
1140	32.400000
1141	76.900000
1142	68.400000
1143	48.500000
1144	26.500000
1145	65.100000
1146	62.700000
1147	102.100000
1148	74.200000
1149	53.100000
1150	36.400000
1151	55.900000
1152	25.100000
1153	76.400000
1154	76.500000
1155	25.900000
1156	46.500000
1157	73.800000
1158	76.100000
1159	86.300000
1160	38.900000
1161	47.500000
1162	76.000000
1163	59.800000
1164	71.000000
1165	65.200000
1166	81.600000
1167	55.900000
1168	71.900000
1169	70.500000
1170	25.700000
1171	58.000000
1172	59.800000
1173	48.800000
1174	62.200000
1175	52.700000
1176	23.600000
1177	74.300000
1178	55.500000
1179	74.800000
1180	53.600000
1181	58.600000
1182	49.100000
1183	25.500000
1184	82.200000
1185	56.800000
1186	60.300000
1187	58.600000
1188	30.900000
1189	95.500000
1190	34.800000
1191	56.500000
1192	63.000000
1193	58.400000
1194	49.400000
1195	67.200000
1196	41.500000
1197	34.700000
1198	60.300000
1199	86.500000
1200	24.400000
1201	73.300000
1202	78.400000
1203	71.800000
1204	49.400000
1205	73.800000
1206	65.200000
1207	90.400000
1208	78.800000
1209	46.000000
1210	31.100000
1211	71.400000
1212	74.500000
1213	77.900000
1214	63.300000
1215	24.000000
1216	35.600000
1217	62.100000
1218	40.300000
1219	103.700000
1220	79.100000
1221	88.200000
1222	58.200000
1223	61.900000
1224	35.000000
1225	25.300000
1226	67.500000
1227	76.700000
1228	63.900000
1229	63.000000
1230	79.200000
1231	62.100000
1232	27.600000
1233	73.800000
1234	68.700000
1235	41.400000
1236	77.200000
1237	63.900000
1238	67.700000
1239	56.100000
1240	42.200000
1241	89.800000
1242	37.900000
1243	67.500000
1244	62.800000
1245	81.100000
1246	77.200000
1247	67.300000
1248	26.400000
1249	62.600000
1250	25.400000
1251	75.200000
1252	62.800000
1253	73.500000
1254	42.200000
1255	80.800000
1256	54.500000
1257	76.000000
1258	99.200000
1259	61.800000
1260	24.500000
1261	80.200000
1262	56.100000
1263	76.300000
1264	61.700000
1265	43.200000
1266	77.400000
1267	84.500000
1268	51.100000
1269	58.200000
1270	53.700000
1271	102.900000
1272	85.200000
1273	85.700000
1274	27.700000
1275	37.600000
1276	46.000000
1277	58.200000
1278	82.000000
1279	58.700000
1280	22.300000
1281	81.700000
1282	76.200000
1283	77.100000
1284	76.600000
1285	77.800000
1286	80.200000
1287	29.600000
1288	40.800000
1289	76.600000
1290	54.300000
1291	78.600000
1292	51.900000
1293	78.300000
1294	77.500000
1295	89.700000
1296	28.300000
1297	86.700000
1298	61.200000
1299	89.400000
1300	26.700000
1301	86.400000
1302	44.700000
1303	85.800000
1304	87.100000
1305	46.500000
1306	84.700000
1307	87.500000
1308	91.300000
1309	41.100000
1310	85.800000
1311	55.600000
1312	84.200000
1313	82.700000
1314	81.200000
1315	80.600000
1316	60.200000
1317	85.700000
1318	84.500000
1319	86.500000
1320	25.700000
1321	86.300000
1322	84.600000
1323	32.200000
1324	69.300000
1325	89.900000
1326	43.700000
1327	86.500000
1328	86.100000
1329	85.900000
1330	39.800000
1331	35.600000
1332	92.500000
1333	74.100000
1334	63.400000
1335	83.000000
1336	80.800000
1337	73.900000
1338	87.200000
1339	85.300000
1340	70.600000
1341	72.600000
1342	87.300000
1343	77.400000
1344	26.600000
1345	82.000000
1346	86.500000
1347	85.400000
1348	71.000000
1349	101.000000
1350	31.500000
1351	88.900000
1352	31.100000
1353	90.900000
1354	67.400000
1355	94.300000
1356	71.400000
1357	79.100000
1358	84.800000
1359	88.900000
1360	37.200000
1361	81.800000
1362	77.100000
1363	84.100000
1364	51.300000
1365	30.800000
1366	67.700000
1367	83.500000
1368	39.000000
1369	165.500000
1370	84.600000
1371	65.800000
1372	29.300000
1373	82.200000
1374	77.200000
1375	29.700000
1376	53.600000
1377	38.700000
1378	96.600000
1379	57.800000
1380	42.000000
1381	82.600000
1382	67.900000
1383	65.900000
1384	82.200000
1385	81.500000
1386	30.200000
1387	101.400000
1388	86.300000
1389	66.500000
1390	83.200000
1391	86.300000
1392	45.400000
1393	57.500000
1394	104.600000
1395	48.000000
1396	84.500000
1397	62.100000
1398	77.900000
1399	83.400000
1400	27.400000
1401	67.000000
1402	68.100000
1403	105.800000
1404	29.700000
1405	81.200000
1406	112.100000
1407	75.400000
1408	28.000000
1409	82.300000
1410	63.500000
1411	106.600000
1412	84.800000
1413	61.500000
1414	87.200000
1415	82.000000
1416	65.300000
1417	102.200000
1418	68.800000
1419	60.700000
1420	88.900000
1421	47.600000
1422	69.100000
1423	82.600000
1424	87.800000
1425	42.800000
1426	67.600000
1427	83.900000
1428	41.200000
1429	82.800000
1430	34.900000
1431	98.700000
1432	82.800000
1433	82.500000
1434	79.600000
1435	92.800000
1436	84.900000
1437	67.300000
1438	69.100000
1439	84.200000
1440	26.900000
1441	94.400000
1442	89.300000
1443	103.700000
1444	57.600000
1445	55.500000
1446	86.300000
1447	93.500000
1448	95.900000
1449	45.900000
1450	49.500000
1451	91.500000
1452	33.800000
1453	93.200000
1454	91.700000
1455	89.500000
1456	31.300000
1457	90.600000
1458	32.300000
1459	98.100000
1460	90.100000
1461	101.100000
1462	74.200000
1463	45.900000
1464	92.900000
1465	77.100000
1466	79.700000
1467	98.700000
1468	79.800000
1469	80.400000
1470	31.000000
1471	73.800000
1472	46.000000
1473	80.800000
1474	82.100000
1475	65.700000
1476	94.900000
1477	91.900000
1478	79.700000
1479	65.400000
1480	102.600000
1481	74.200000
1482	49.700000
1483	73.800000
1484	101.100000
1485	32.900000
1486	80.400000
1487	73.700000
1488	50.200000
1489	74.100000
1490	82.100000
1491	95.400000
1492	80.100000
1493	74.800000
1494	98.600000
1495	50.100000
1496	45.500000
1497	80.900000
1498	90.500000
1499	75.200000
1500	30.100000
1501	88.400000
1502	98.600000
1503	94.800000
1504	67.800000
1505	63.500000
1506	96.700000
1507	93.400000
1508	54.300000
1509	63.100000
1510	99.600000
1511	72.500000
1512	32.500000
1513	109.800000
1514	73.500000
1515	93.300000
1516	69.600000
1517	170.200000
1518	53.200000
1519	53.200000
1520	42.800000
1521	34.800000
1522	72.100000
1523	72.300000
1524	63.600000
1525	95.100000
1526	106.300000
1527	63.300000
1528	84.100000
1529	95.200000
1530	44.700000
1531	72.600000
1532	69.900000
1533	94.900000
1534	72.900000
1535	79.000000
1536	28.700000
1537	129.200000
1538	95.400000
1539	44.400000
1540	33.000000
1541	102.300000
1542	91.500000
1543	92.200000
1544	100.800000
1545	95.600000
1546	74.700000
1547	47.600000
1548	64.100000
1549	92.100000
1550	53.800000
1551	75.900000
1552	94.600000
1553	93.800000
1554	108.700000
1555	79.500000
1556	73.300000
1557	91.900000
1558	118.200000
1559	94.800000
1560	30.500000
1561	101.500000
1562	101.400000
1563	96.000000
1564	64.500000
1565	81.300000
1566	53.100000
1567	77.100000
1568	29.900000
1569	95.800000
1570	69.600000
1571	77.400000
1572	102.100000
1573	39.600000
1574	75.200000
1575	32.100000
1576	65.700000
1577	119.000000
1578	95.000000
1579	77.300000
1580	74.500000
1581	71.200000
1582	83.500000
1583	77.600000
1584	33.800000
1585	66.200000
1586	103.200000
1587	71.200000
1588	74.700000
1589	90.200000
1590	107.500000
1591	143.100000
1592	67.400000
1593	73.100000
1594	75.400000
1595	57.600000
1596	46.500000
1597	78.000000
1598	88.700000
1599	108.700000
1600	29.200000
1601	95.200000
1602	99.500000
1603	90.000000
1604	99.800000
1605	96.800000
1606	102.300000
1607	96.700000
1608	86.000000
1609	95.700000
1610	51.500000
1611	93.100000
1612	60.500000
1613	96.200000
1614	95.700000
1615	63.400000
1616	99.600000
1617	36.200000
1618	98.800000
1619	96.100000
1620	35.500000
1621	107.800000
1622	112.000000
1623	112.400000
1624	55.400000
1625	35.300000
1626	113.700000
1627	96.500000
1628	115.100000
1629	108.500000
1630	111.800000
1631	91.600000
1632	44.300000
1633	125.400000
1634	83.600000
1635	114.300000
1636	99.300000
1637	95.700000
1638	35.800000
1639	90.600000
1640	106.300000
1641	92.500000
1642	103.400000
1643	139.700000
1644	98.700000
1645	75.400000
1646	102.400000
1647	105.000000
1648	103.800000
1649	117.400000
1650	33.300000
1651	71.700000
1652	75.300000
1653	77.700000
1654	102.200000
1655	88.300000
1656	50.700000
1657	96.300000
1658	102.100000
1659	78.800000
1660	107.400000
1661	109.300000
1662	96.900000
1663	96.300000
1664	32.800000
1665	116.400000
1666	48.200000
1667	96.300000
1668	100.500000
1669	96.600000
1670	101.900000
1671	93.500000
1672	52.900000
1673	92.600000
1674	57.000000
1675	87.400000
1676	101.700000
1677	73.100000
1678	103.500000
1679	126.000000
1680	34.300000
1681	183.500000
1682	83.100000
1683	51.300000
1684	99.600000
1685	89.700000
1686	96.300000
1687	100.900000
1688	100.600000
1689	93.300000
1690	41.400000
1691	122.400000
1692	77.300000
1693	106.900000
1694	40.300000
1695	90.900000
1696	117.500000
1697	110.800000
1698	97.000000
1699	107.500000
1700	47.700000
1701	44.200000
1702	142.000000
1703	111.500000
1704	109.700000
1705	63.000000
1706	104.000000
1707	102.500000
1708	109.500000
1709	107.200000
1710	51.000000
1711	105.100000
1712	103.000000
1713	104.900000
1714	104.100000
1715	38.100000
1716	40.200000
1717	123.800000
1718	104.000000
1719	93.500000
1720	67.500000
1721	108.100000
1722	110.100000
1723	107.500000
1724	101.800000
1725	55.200000
1726	103.400000
1727	78.700000
1728	37.500000
1729	54.400000
1730	102.500000
1731	114.800000
1732	112.900000
1733	108.900000
1734	66.200000
1735	107.000000
1736	60.600000
1737	113.700000
1738	85.600000
1739	165.000000
1740	57.100000
1741	110.300000
1742	97.300000
1743	113.100000
1744	121.500000
1745	106.200000
1746	107.000000
1747	110.900000
1748	73.200000
1749	122.900000
1750	35.300000
1751	125.800000
1752	107.400000
1753	109.000000
1754	91.100000
1755	39.100000
1756	110.700000
1757	112.900000
1758	90.700000
1759	109.200000
1760	33.800000
1761	89.700000
1762	92.500000
1763	155.700000
1764	36.400000
1765	107.500000
1766	92.600000
1767	82.100000
1768	53.400000
1769	140.500000
1770	79.500000
1771	60.500000
1772	111.300000
1773	73.400000
1774	93.000000
1775	112.200000
1776	121.600000
1777	109.800000
1778	75.200000
1779	90.200000
1780	111.300000
1781	114.800000
1782	38.500000
1783	111.300000
1784	113.600000
1785	52.700000
1786	101.100000
1787	109.900000
1788	98.200000
1789	109.700000
1790	104.800000
1791	73.300000
1792	33.400000
1793	125.200000
1794	62.800000
1795	107.700000
1796	111.300000
1797	89.700000
1798	90.700000
1799	106.400000
1800	34.800000
1801	112.000000
1802	142.000000
1803	117.300000
1804	122.000000
1805	73.100000
1806	71.900000
1807	114.800000
1808	95.800000
1809	96.400000
1810	121.600000
1811	111.800000
1812	119.000000
1813	127.000000
1814	108.000000
1815	44.300000
1816	103.600000
1817	111.400000
1818	111.700000
1819	127.900000
1820	39.000000
1821	95.600000
1822	107.200000
1823	111.800000
1824	51.200000
1825	112.400000
1826	121.700000
1827	61.000000
1828	88.000000
1829	114.100000
1830	115.400000
1831	109.200000
1832	104.000000
1833	87.200000
1834	116.800000
1835	102.200000
1836	52.800000
1837	115.900000
1838	108.300000
1839	102.700000
1840	55.200000
1841	111.100000
1842	95.600000
1843	131.800000
1844	86.800000
1845	119.900000
1846	121.600000
1847	108.700000
1848	41.300000
1849	111.900000
1850	130.400000
1851	100.900000
1852	88.200000
1853	148.200000
1854	114.300000
1855	128.900000
1856	61.300000
1857	102.100000
1858	108.000000
1859	43.700000
1860	62.700000
1861	110.500000
1862	56.500000
1863	57.600000
1864	103.200000
1865	101.200000
1866	95.600000
1867	109.200000
1868	87.100000
1869	116.800000
1870	59.500000
1871	108.700000
1872	40.100000
1873	109.000000
1874	109.900000
1875	39.400000
1876	100.600000
1877	106.500000
1878	95.600000
1879	106.600000
1880	84.300000
1881	59.300000
1882	90.800000
1883	111.500000
1884	83.900000
1885	68.000000
1886	147.000000
1887	148.800000
1888	85.400000
1889	106.600000
1890	40.100000
1891	150.100000
1892	81.100000
1893	84.900000
1894	91.200000
1895	87.900000
1896	92.900000
1897	132.500000
1898	119.500000
1899	114.100000
1900	54.900000
1901	108.200000
1902	78.900000
1903	115.500000
1904	55.800000
1905	80.000000
1906	92.200000
1907	108.000000
1908	130.000000
1909	149.200000
1910	105.900000
1911	42.500000
1912	103.900000
1913	108.500000
1914	73.500000
1915	89.500000
1916	89.600000
1917	121.200000
1918	117.100000
1919	138.400000
1920	35.600000
1921	120.600000
1922	99.200000
1923	114.200000
1924	138.900000
1925	41.400000
1926	117.300000
1927	180.200000
1928	116.800000
1929	116.300000
1930	126.800000
1931	122.800000
1932	61.400000
1933	122.900000
1934	118.100000
1935	79.000000
1936	44.400000
1937	107.300000
1938	75.700000
1939	112.600000
1940	118.200000
1941	116.600000
1942	118.200000
1943	134.100000
1944	43.100000
1945	92.000000
1946	118.000000
1947	91.900000
1948	129.800000
1949	100.300000
1950	39.300000
1951	99.600000
1952	123.500000
1953	68.300000
1954	107.400000
1955	80.300000
1956	132.800000
1957	143.400000
1958	123.800000
1959	128.800000
1960	37.500000
1961	230.600000
1962	136.600000
1963	128.700000
1964	107.500000
1965	125.300000
1966	105.600000
1967	112.500000
1968	125.400000
1969	118.400000
1970	83.100000
1971	123.500000
1972	87.500000
1973	99.400000
1974	91.100000
1975	93.500000
1976	62.800000
1977	128.700000
1978	104.100000
1979	100.800000
1980	42.100000
1981	114.000000
1982	105.700000
1983	127.500000
1984	68.600000
1985	92.500000
1986	104.900000
1987	101.300000
1988	125.000000
1989	60.500000
1990	83.000000
1991	136.900000
1992	129.200000
1993	99.600000
1994	105.800000
1995	59.900000
1996	106.700000
1997	99.600000
1998	137.600000
1999	101.500000
2000	39.400000
2001	92.900000
2002	47.900000
2003	127.100000
2004	123.300000
2005	118.700000
2006	110.600000
2007	129.900000
2008	128.900000
2009	128.800000
2010	107.700000
2011	128.100000
2012	82.000000
2013	131.500000
2014	159.500000
2015	74.400000
2016	38.400000
2017	127.900000
2018	111.800000
2019	128.900000
2020	123.900000
2021	137.900000
2022	105.500000
2023	77.900000
2024	66.900000
2025	41.000000
2026	112.300000
2027	103.900000
2028	47.200000
2029	101.300000
2030	70.200000
2031	102.000000
2032	85.300000
2033	145.800000
2034	106.800000
2035	144.300000
2036	82.400000
2037	124.700000
2038	92.000000
2039	102.400000
2040	55.500000
2041	92.800000
2042	92.000000
2043	115.500000
2044	125.300000
2045	126.200000
2046	79.700000
2047	151.700000
2048	35.900000
2049	102.200000
2050	133.600000
2051	106.100000
2052	61.500000
2053	124.500000
2054	103.700000
2055	124.300000
2056	121.100000
2057	66.700000
2058	43.400000
2059	161.200000
2060	128.100000
2061	116.700000
2062	134.200000
2063	124.700000
2064	85.500000
2065	92.900000
2066	132.900000
2067	148.200000
2068	97.900000
2069	126.100000
2070	65.700000
2071	167.000000
2072	143.700000
2073	102.000000
2074	151.300000
2075	134.300000
2076	122.700000
2077	144.600000
2078	133.200000
2079	46.000000
2080	40.000000
2081	125.000000
2082	126.600000
2083	124.800000
2084	126.500000
2085	126.200000
2086	113.400000
2087	124.900000
2088	68.900000
2089	124.600000
2090	67.200000
2091	158.800000
2092	126.700000
2093	69.300000
2094	126.900000
2095	127.000000
2096	132.800000
2097	118.400000
2098	134.200000
2099	125.900000
2100	44.300000
2101	120.500000
2102	133.900000
2103	103.100000
2104	126.900000
2105	126.800000
2106	45.500000
2107	85.400000
2108	95.800000
2109	169.500000
2110	127.600000
2111	124.700000
2112	40.900000
2113	125.200000
2114	139.800000
2115	97.700000
2116	92.700000
2117	165.700000
2118	128.300000
2119	147.100000
2120	142.000000
2121	130.000000
2122	135.800000
2123	142.600000
2124	95.400000
2125	61.600000
2126	134.500000
2127	104.400000
2128	62.900000
2129	125.700000
2130	136.100000
2131	125.200000
2132	145.200000
2133	102.000000
2134	135.900000
2135	134.800000
2136	132.400000
2137	127.100000
2138	135.000000
2139	104.300000
2140	130.100000
2141	125.900000
2142	62.000000
2143	125.500000
2144	114.900000
2145	52.800000
2146	180.600000
2147	135.700000
2148	124.600000
2149	112.200000
2150	85.800000
2151	117.100000
2152	127.200000
2153	127.900000
2154	127.600000
2155	128.300000
2156	45.500000
2157	105.200000
2158	144.900000
2159	111.300000
2160	48.200000
2161	146.300000
2162	126.600000
2163	133.600000
2164	141.900000
2165	149.000000
2166	85.700000
2167	98.200000
2168	149.900000
2169	129.800000
2170	77.000000
2171	135.500000
2172	145.200000
2173	251.100000
2174	142.800000
2175	77.600000
2176	59.600000
2177	112.300000
2178	51.800000
2179	144.900000
2180	151.100000
2181	134.900000
2182	140.500000
2183	208.000000
2184	48.200000
2185	91.200000
2186	140.800000
2187	50.100000
2188	122.600000
2189	100.300000
2190	134.400000
2191	113.500000
2192	133.300000
2193	115.000000
2194	143.400000
2195	141.300000
2196	138.800000
2197	54.900000
2198	97.300000
2199	123.900000
2200	43.800000
2201	174.600000
2202	122.900000
2203	138.500000
2204	99.300000
2205	49.400000
2206	143.200000
2207	139.000000
2208	66.800000
2209	163.600000
2210	69.400000
2211	123.800000
2212	108.000000
2213	139.100000
2214	143.100000
2215	142.100000
2216	129.200000
2217	120.000000
2218	144.300000
2219	92.200000
2220	152.400000
2221	140.900000
2222	142.100000
2223	68.900000
2224	132.200000
2225	135.700000
2226	151.200000
2227	164.800000
2228	122.400000
2229	121.900000
2230	143.700000
2231	163.600000
2232	77.000000
2233	78.900000
2234	145.100000
2235	121.500000
2236	95.500000
2237	138.700000
2238	122.300000
2239	138.500000
2240	42.900000
2241	147.300000
2242	125.900000
2243	138.800000
2244	70.000000
2245	143.800000
2246	147.300000
2247	136.600000
2248	130.000000
2249	137.500000
2250	51.100000
2251	153.800000
2252	123.100000
2253	147.700000
2254	73.100000
2255	150.400000
2256	102.500000
2257	251.900000
2258	111.400000
2259	146.400000
2260	118.800000
2261	87.800000
2262	84.600000
2263	177.300000
2264	129.900000
2265	149.400000
2266	145.700000
2267	139.400000
2268	47.600000
2269	140.200000
2270	130.600000
2271	109.700000
2272	143.300000
2273	137.400000
2274	106.500000
2275	49.500000
2276	136.500000
2277	75.000000
2278	143.400000
2279	205.600000
2280	64.000000
2281	139.300000
2282	155.600000
2283	109.700000
2284	135.000000
2285	110.800000
2286	99.100000
2287	138.000000
2288	55.100000
2289	159.800000
2290	130.200000
2291	144.300000
2292	129.000000
2293	139.300000
2294	195.500000
2295	67.300000
2296	147.000000
2297	140.300000
2298	107.000000
2299	78.300000
2300	71.000000
2301	110.000000
2302	113.700000
2303	105.300000
2304	43.400000
2305	110.400000
2306	156.900000
2307	142.800000
2308	147.200000
2309	143.100000
2310	48.200000
2311	144.800000
2312	89.400000
2313	138.500000
2314	148.000000
2315	111.300000
2316	152.200000
2317	124.500000
2318	171.300000
2319	112.400000
2320	76.900000
2321	145.200000
2322	93.000000
2323	173.100000
2324	150.100000
2325	86.800000
2326	120.000000
2327	140.000000
2328	141.300000
2329	164.200000
2330	131.800000
2331	160.900000
2332	166.100000
2333	143.400000
2334	110.000000
2335	110.800000
2336	143.200000
2337	178.800000
2338	143.400000
2339	143.600000
2340	50.500000
2341	143.700000
2342	125.000000
2343	153.900000
2344	121.600000
2345	124.600000
2346	95.300000
2347	143.900000
2348	117.600000
2349	78.800000
2350	107.700000
2351	144.400000
2352	49.000000
2353	160.500000
2354	148.900000
2355	105.900000
2356	110.700000
2357	145.200000
2358	151.300000
2359	124.900000
2360	106.000000
2361	112.700000
2362	121.500000
2363	166.300000
2364	99.700000
2365	102.000000
2366	56.300000
2367	144.000000
2368	162.800000
2369	176.500000
2370	113.000000
2371	144.100000
2372	119.300000
2373	125.900000
2374	121.800000
2375	70.200000
2376	51.800000
2377	143.800000
2378	193.000000
2379	155.800000
2380	68.300000
2381	144.800000
2382	112.600000
2383	144.000000
2384	127.000000
2385	162.100000
2386	121.300000
2387	86.800000
2388	101.100000
2389	146.400000
2390	132.500000
2391	114.600000
2392	79.900000
2393	144.400000
2394	72.800000
2395	113.300000
2396	119.500000
2397	133.700000
2398	170.400000
2399	145.000000
2400	47.300000
2401	51.900000
2402	151.500000
2403	151.000000
2404	151.600000
2405	168.100000
2406	144.400000
2407	193.600000
2408	100.400000
2409	152.100000
2410	145.700000
2411	154.900000
2412	126.600000
2413	127.600000
2414	176.400000
2415	76.900000
2416	158.500000
2417	158.000000
2418	93.000000
2419	225.400000
2420	54.800000
2421	143.800000
2422	143.800000
2423	154.800000
2424	147.600000
2425	146.800000
2426	161.900000
2427	148.300000
2428	125.300000
2429	147.500000
2430	56.000000
2431	81.000000
2432	68.600000
2433	167.200000
2434	129.100000
2435	167.100000
2436	85.100000
2437	123.800000
2438	197.200000
2439	169.400000
2440	155.000000
2441	123.600000
2442	174.200000
2443	149.100000
2444	117.200000
2445	165.400000
2446	130.000000
2447	123.500000
2448	70.100000
2449	155.700000
2450	48.800000
2451	133.000000
2452	135.800000
2453	161.500000
2454	150.900000
2455	134.800000
2456	126.200000
2457	54.300000
2458	130.000000
2459	123.900000
2460	157.100000
2461	179.500000
2462	129.400000
2463	153.600000
2464	52.600000
2465	114.200000
2466	151.100000
2467	124.900000
2468	133.800000
2469	155.100000
2470	79.100000
2471	149.000000
2472	151.600000
2473	124.400000
2474	130.700000
2475	53.600000
2476	134.200000
2477	124.700000
2478	112.500000
2479	251.900000
2480	83.100000
2481	155.500000
2482	175.700000
2483	141.200000
2484	80.500000
2485	156.200000
2486	136.000000
2487	156.800000
2488	126.000000
2489	185.100000
2490	162.700000
2491	240.200000
2492	154.000000
2493	144.100000
2494	137.400000
2495	134.900000
2496	49.000000
2497	144.800000
2498	130.900000
2499	72.700000
2500	48.900000
2501	272.300000
2502	149.800000
2503	126.900000
2504	127.500000
2505	153.700000
2506	146.900000
2507	208.600000
2508	78.700000
2509	167.900000
2510	163.900000
2511	86.500000
2512	110.000000
2513	150.900000
2514	152.000000
2515	104.800000
2516	199.400000
2517	154.500000
2518	119.800000
2519	145.500000
2520	47.400000
2521	129.700000
2522	158.800000
2523	134.300000
2524	109.600000
2525	154.100000
2526	155.000000
2527	100.100000
2528	118.500000
2529	143.900000
2530	86.000000
2531	127.700000
2532	153.700000
2533	160.200000
2534	170.500000
2535	61.900000
2536	104.900000
2537	172.000000
2538	115.900000
2539	129.100000
2540	106.500000
2541	61.200000
2542	207.200000
2543	127.700000
2544	176.400000
2545	107.100000
2546	164.400000
2547	145.800000
2548	54.100000
2549	128.500000
2550	72.000000
2551	129.900000
2552	92.100000
2553	210.500000
2554	121.300000
2555	161.300000
2556	162.100000
2557	128.300000
2558	120.900000
2559	157.700000
2560	45.600000
2561	111.100000
2562	160.900000
2563	147.100000
2564	152.300000
2565	77.600000
2566	158.200000
2567	190.200000
2568	153.700000
2569	142.600000
2570	153.100000
2571	156.400000
2572	153.400000
2573	209.100000
2574	60.700000
2575	156.900000
2576	82.500000
2577	158.200000
2578	158.700000
2579	156.300000
2580	106.500000
2581	198.500000
2582	159.700000
2583	165.900000
2584	101.000000
2585	123.300000
2586	153.100000
2587	111.600000
2588	154.600000
2589	156.000000
2590	180.900000
2591	156.100000
2592	56.100000
2593	173.600000
2594	176.800000
2595	154.100000
2596	125.500000
2597	176.800000
2598	176.500000
2599	168.800000
2600	51.900000
2601	98.400000
2602	178.200000
2603	192.800000
2604	91.900000
2605	159.200000
2606	177.300000
2607	131.400000
2608	174.200000
2609	167.800000
2610	89.700000
2611	143.800000
2612	166.600000
2613	144.400000
2614	177.300000
2615	159.600000
2616	185.400000
2617	167.100000
2618	81.200000
2619	160.200000
2620	166.700000
2621	167.200000
2622	109.200000
2623	221.000000
2624	167.500000
2625	55.500000
2626	168.300000
2627	292.800000
2628	162.000000
2629	148.100000
2630	160.700000
2631	135.700000
2632	118.600000
2633	166.700000
2634	168.300000
2635	119.900000
2636	168.300000
2637	137.700000
2638	177.400000
2639	94.000000
2640	52.500000
2641	191.200000
2642	177.700000
2643	136.600000
2644	169.200000
2645	116.400000
2646	55.100000
2647	166.400000
2648	139.300000
2649	136.800000
2650	178.500000
2651	171.200000
2652	82.000000
2653	122.400000
2654	179.000000
2655	121.200000
2656	174.300000
2657	167.200000
2658	168.000000
2659	167.500000
2660	78.500000
2661	137.100000
2662	65.700000
2663	168.700000
2664	183.800000
2665	180.900000
2666	152.300000
2667	111.600000
2668	124.700000
2669	143.700000
2670	164.100000
2671	167.200000
2672	164.500000
2673	59.300000
2674	148.900000
2675	158.900000
2676	171.800000
2677	167.800000
2678	171.500000
2679	151.900000
2680	147.800000
2681	124.200000
2682	145.100000
2683	167.500000
2684	177.100000
2685	156.200000
2686	154.900000
2687	168.200000
2688	55.200000
2689	167.600000
2690	161.500000
2691	89.200000
2692	167.800000
2693	170.400000
2694	169.600000
2695	58.300000
2696	140.600000
2697	134.600000
2698	198.900000
2699	169.800000
2700	63.100000
2701	299.900000
2702	178.000000
2703	212.500000
2704	64.600000
2705	183.000000
2706	188.300000
2707	170.500000
2708	132.100000
2709	112.800000
2710	188.500000
2711	170.000000
2712	141.500000
2713	170.300000
2714	158.100000
2715	183.300000
2716	165.700000
2717	92.600000
2718	178.200000
2719	170.600000
2720	73.200000
2721	163.000000
2722	169.300000
2723	131.700000
2724	154.600000
2725	178.300000
2726	166.800000
2727	168.800000
2728	101.800000
2729	171.100000
2730	57.300000
2731	171.000000
2732	133.700000
2733	162.300000
2734	170.600000
2735	155.000000
2736	82.100000
2737	112.600000
2738	318.400000
2739	187.800000
2740	165.200000
2741	171.600000
2742	130.900000
2743	168.200000
2744	57.500000
2745	174.500000
2746	171.700000
2747	272.700000
2748	156.100000
2749	171.900000
2750	60.400000
2751	174.300000
2752	113.800000
2753	171.800000
2754	79.900000
2755	127.700000
2756	197.600000
2757	165.200000
2758	116.000000
2759	214.400000
2760	82.400000
2761	183.300000
2762	169.900000
2763	143.100000
2764	134.300000
2765	132.300000
2766	131.500000
2767	174.800000
2768	166.000000
2769	182.800000
2770	163.000000
2771	215.100000
2772	58.600000
2773	202.500000
2774	198.600000
2775	197.800000
2776	169.400000
2777	171.500000
2778	131.900000
2779	129.800000
2780	167.800000
2781	172.700000
2782	172.100000
2783	96.600000
2784	92.600000
2785	156.600000
2786	116.800000
2787	162.600000
2788	209.900000
2789	170.800000
2790	99.700000
2791	171.300000
2792	168.000000
2793	83.300000
2794	122.500000
2795	120.700000
2796	156.500000
2797	171.400000
2798	171.100000
2799	144.400000
2800	53.800000
2801	171.700000
2802	132.800000
2803	172.100000
2804	134.600000
2805	89.300000
2806	213.300000
2807	166.300000
2808	61.500000
2809	338.200000
2810	164.000000
2811	164.200000
2812	223.000000
2813	216.600000
2814	147.800000
2815	157.000000
2816	54.400000
2817	144.700000
2818	171.300000
2819	169.700000
2820	128.800000
2821	103.200000
2822	211.800000
2823	136.600000
2824	168.800000
2825	148.000000
2826	126.500000
2827	174.100000
2828	173.900000
2829	220.800000
2830	164.300000
2831	181.500000
2832	126.100000
2833	168.500000
2834	200.800000
2835	63.700000
2836	136.300000
2837	169.300000
2838	124.800000
2839	199.900000
2840	181.300000
2841	136.600000
2842	97.700000
2843	170.300000
2844	134.300000
2845	172.900000
2846	172.100000
2847	180.400000
2848	175.300000
2849	202.500000
2850	83.200000
2851	170.400000
2852	136.200000
2853	117.300000
2854	170.300000
2855	174.200000
2856	83.000000
2857	169.200000
2858	173.000000
2859	139.000000
2860	64.800000
2861	169.600000
2862	199.300000
2863	175.000000
2864	165.200000
2865	159.100000
2866	171.100000
2867	258.600000
2868	157.700000
2869	215.500000
2870	187.100000
2871	103.000000
2872	171.500000
2873	92.200000
2874	133.600000
2875	91.200000
2876	135.000000
2877	180.500000
2878	171.000000
2879	172.800000
2880	61.400000
2881	218.100000
2882	188.900000
2883	147.700000
2884	179.300000
2885	190.200000
2886	205.900000
2887	189.200000
2888	117.400000
2889	174.400000
2890	112.900000
2891	130.800000
2892	174.300000
2893	180.900000
2894	189.500000
2895	190.500000
2896	192.000000
2897	187.800000
2898	92.400000
2899	190.200000
2900	99.100000
2901	177.200000
2902	189.900000
2903	187.700000
2904	66.100000
2905	187.500000
2906	189.900000
2907	112.300000
2908	178.900000
2909	189.100000
2910	177.200000
2911	320.600000
2912	62.300000
2913	176.300000
2914	181.400000
2915	207.200000
2916	66.500000
2917	200.300000
2918	202.200000
2919	177.400000
2920	179.100000
2921	158.300000
2922	200.100000
2923	282.000000
2924	148.400000
2925	64.400000
2926	91.700000
2927	153.700000
2928	184.700000
2929	224.500000
2930	155.100000
2931	159.400000
2932	157.800000
2933	178.500000
2934	197.200000
2935	150.500000
2936	159.700000
2937	190.500000
2938	161.300000
2939	152.100000
2940	61.400000
2941	202.600000
2942	153.100000
2943	206.300000
2944	91.300000
2945	138.500000
2946	161.900000
2947	180.400000
2948	165.100000
2949	161.200000
2950	134.400000
2951	171.100000
2952	188.600000
2953	153.600000
2954	177.700000
2955	125.500000
2956	159.600000
2957	153.400000
2958	128.700000
2959	181.800000
2960	203.600000
2961	136.200000
2962	154.600000
2963	152.900000
2964	93.800000
2965	151.800000
2966	153.700000
2967	157.900000
2968	200.000000
2969	152.700000
2970	61.800000
2971	153.300000
2972	159.300000
2973	161.300000
2974	153.100000
2975	86.500000
2976	100.400000
2977	172.000000
2978	153.400000
2979	157.900000
2980	159.200000
2981	208.500000
2982	189.700000
2983	162.900000
2984	161.000000
2985	127.100000
2986	156.200000
2987	229.700000
2988	193.600000
2989	189.100000
2990	101.100000
2991	162.000000
2992	91.900000
2993	324.200000
2994	161.700000
2995	150.300000
2996	179.300000
2997	208.400000
2998	154.800000
2999	153.000000
3000	57.600000
3001	184.500000
3002	176.400000
3003	72.100000
3004	194.600000
3005	193.100000
3006	182.900000
3007	231.000000
3008	135.600000
3009	167.400000
3010	123.000000
3011	180.500000
3012	195.400000
3013	230.200000
3014	190.100000
3015	160.600000
3016	109.400000
3017	180.200000
3018	127.600000
3019	180.900000
3020	196.700000
3021	239.100000
3022	151.000000
3023	180.200000
3024	64.400000
3025	71.700000
3026	220.300000
3027	168.400000
3028	143.100000
3029	172.700000
3030	184.800000
3031	205.600000
3032	140.300000
3033	159.300000
3034	345.400000
3035	160.800000
3036	101.900000
3037	181.200000
3038	108.500000
3039	169.600000
3040	85.200000
3041	188.300000
3042	71.900000
3043	209.400000
3044	142.500000
3045	111.300000
3046	151.700000
3047	182.400000
3048	126.400000
3049	188.800000
3050	194.400000
3051	161.600000
3052	211.700000
3053	259.900000
3054	127.800000
3055	148.000000
3056	168.100000
3057	139.000000
3058	189.200000
3059	129.300000
3060	88.000000
3061	190.300000
3062	153.300000
3063	140.600000
3064	142.300000
3065	168.900000
3066	189.700000
3067	191.100000
3068	150.300000
3069	111.400000
3070	159.700000
3071	346.300000
3072	57.200000
3073	199.200000
3074	257.600000
3075	201.500000
3076	188.800000
3077	236.700000
3078	92.300000
3079	185.100000
3080	64.600000
3081	156.100000
3082	206.300000
3083	185.600000
3084	185.400000
3085	169.500000
3086	191.400000
3087	68.700000
3088	201.200000
3089	185.700000
3090	189.300000
3091	184.800000
3092	147.200000
3093	200.300000
3094	94.800000
3095	172.300000
3096	125.700000
3097	244.000000
3098	190.200000
3099	200.500000
3100	106.300000
3101	196.100000
3102	152.200000
3103	233.900000
3104	188.600000
3105	100.400000
3106	190.300000
3107	174.500000
3108	215.700000
3109	187.300000
3110	160.300000
3111	229.700000
3112	146.300000
3113	182.100000
3114	184.500000
3115	194.400000
3116	237.300000
3117	201.100000
3118	191.800000
3119	185.900000
3120	62.400000
3121	185.200000
3122	201.000000
3123	196.000000
3124	206.500000
3125	68.200000
3126	191.400000
3127	299.100000
3128	129.400000
3129	165.600000
3130	162.200000
3131	243.400000
3132	107.400000
3133	202.400000
3134	162.700000
3135	101.200000
3136	61.000000
3137	170.700000
3138	191.600000
3139	263.600000
3140	137.600000
3141	191.400000
3142	162.800000
3143	199.500000
3144	205.300000
3145	250.700000
3146	79.400000
3147	207.200000
3148	148.200000
3149	254.700000
3150	62.200000
3151	231.100000
3152	131.700000
3153	202.600000
3154	239.200000
3155	139.900000
3156	193.100000
3157	213.800000
3158	163.500000
3159	70.300000
3160	147.600000
3161	269.900000
3162	141.800000
3163	170.800000
3164	164.100000
3165	195.400000
3166	164.900000
3167	171.300000
3168	67.300000
3169	170.500000
3170	133.100000
3171	208.700000
3172	210.700000
3173	228.000000
3174	139.600000
3175	130.600000
3176	147.100000
3177	190.400000
3178	182.200000
3179	122.700000
3180	220.100000
3181	172.200000
3182	282.500000
3183	202.200000
3184	132.600000
3185	68.800000
3186	143.300000
3187	171.300000
3188	148.900000
3189	202.300000
3190	116.800000
3191	171.400000
3192	94.500000
3193	249.200000
3194	164.200000
3195	201.500000
3196	180.200000
3197	240.100000
3198	222.300000
3199	153.300000
3200	62.100000
3201	202.900000
3202	197.100000
3203	207.700000
3204	196.300000
3205	190.600000
3206	182.700000
3207	205.000000
3208	188.600000
3209	203.800000
3210	189.900000
3211	105.700000
3212	201.100000
3213	94.200000
3214	198.900000
3215	195.700000
3216	178.400000
3217	206.100000
3218	198.100000
3219	270.800000
3220	102.200000
3221	207.200000
3222	188.100000
3223	174.600000
3224	120.600000
3225	132.700000
3226	198.400000
3227	154.700000
3228	194.300000
3229	204.800000
3230	129.300000
3231	195.000000
3232	197.700000
3233	365.000000
3234	67.000000
3235	196.100000
3236	195.500000
3237	220.400000
3238	198.900000
3239	304.100000
3240	69.600000
3241	154.300000
3242	220.700000
3243	193.900000
3244	215.700000
3245	156.400000
3246	220.800000
3247	222.100000
3248	110.700000
3249	129.700000
3250	71.800000
3251	199.400000
3252	224.900000
3253	199.700000
3254	199.100000
3255	115.000000
3256	230.000000
3257	200.600000
3258	218.800000
3259	201.500000
3260	220.100000
3261	212.300000
3262	182.000000
3263	218.300000
3264	89.200000
3265	211.900000
3266	252.200000
3267	77.800000
3268	166.400000
3269	157.200000
3270	226.700000
3271	202.100000
3272	201.900000
3273	212.700000
3274	200.800000
3275	206.300000
3276	69.900000
3277	221.300000
3278	174.300000
3279	212.900000
3280	207.700000
3281	246.300000
3282	185.800000
3283	172.600000
3284	203.100000
3285	203.800000
3286	277.500000
3287	229.500000
3288	198.400000
3289	115.200000
3290	151.100000
3291	217.600000
3292	203.900000
3293	365.500000
3294	209.100000
3295	213.200000
3296	201.300000
3297	144.900000
3298	236.500000
3299	227.100000
3300	68.500000
3301	230.100000
3302	145.300000
3303	180.900000
3304	149.100000
3305	213.600000
3306	148.200000
3307	229.200000
3308	203.100000
3309	216.900000
3310	180.600000
3311	146.700000
3312	105.800000
3313	228.600000
3314	200.100000
3315	104.900000
3316	202.000000
3317	253.900000
3318	157.100000
3319	227.500000
3320	212.300000
3321	213.900000
3322	221.700000
3323	230.600000
3324	194.300000
3325	99.200000
3326	201.200000
3327	215.700000
3328	66.600000
3329	230.300000
3330	232.600000
3331	229.900000
3332	96.100000
3333	216.700000
3334	212.600000
3335	155.900000
3336	197.900000
3337	312.400000
3338	199.800000
3339	227.500000
3340	201.000000
3341	207.700000
3342	187.800000
3343	228.400000
3344	105.500000
3345	215.700000
3346	184.400000
3347	227.700000
3348	117.900000
3349	174.200000
3350	179.300000
3351	219.100000
3352	202.100000
3353	159.000000
3354	147.800000
3355	222.000000
3356	203.300000
3357	181.900000
3358	247.000000
3359	230.600000
3360	67.300000
3361	228.300000
3362	372.500000
3363	189.500000
3364	167.600000
3365	214.100000
3366	102.900000
3367	238.000000
3368	202.400000
3369	217.800000
3370	178.800000
3371	229.600000
3372	194.600000
3373	229.500000
3374	202.900000
3375	72.800000
3376	202.800000
3377	181.500000
3378	186.300000
3379	290.100000
3380	78.300000
3381	107.700000
3382	245.400000
3383	175.900000
3384	151.400000
3385	169.200000
3386	221.500000
3387	168.000000
3388	76.800000
3389	210.100000
3390	177.800000
3391	208.400000
3392	235.000000
3393	121.100000
3394	222.600000
3395	208.500000
3396	196.400000
3397	237.100000
3398	220.200000
3399	218.800000
3400	95.200000
3401	235.000000
3402	71.500000
3403	375.800000
3404	278.000000
3405	195.100000
3406	224.500000
3407	210.100000
3408	217.600000
3409	234.600000
3410	130.900000
3411	158.600000
3412	205.500000
3413	210.700000
3414	204.800000
3415	169.800000
3416	215.000000
3417	215.900000
3418	221.300000
3419	211.300000
3420	101.000000
3421	180.700000
3422	208.700000
3423	231.400000
3424	209.500000
3425	205.000000
3426	205.400000
3427	227.900000
3428	204.700000
3429	144.400000
3430	71.400000
3431	308.900000
3432	78.000000
3433	208.900000
3434	247.100000
3435	196.600000
3436	204.800000
3437	193.500000
3438	194.900000
3439	265.300000
3440	135.400000
3441	291.500000
3442	221.900000
3443	183.200000
3444	224.100000
3445	245.500000
3446	226.500000
3447	160.800000
3448	202.900000
3449	209.100000
3450	105.800000
3451	158.000000
3452	207.000000
3453	170.400000
3454	158.700000
3455	170.500000
3456	77.600000
3457	236.000000
3458	108.800000
3459	236.000000
3460	205.100000
3461	227.800000
3462	227.500000
3463	226.100000
3464	236.500000
3465	75.700000
3466	227.100000
3467	225.100000
3468	133.000000
3469	227.400000
3470	214.300000
3471	222.900000
3472	122.700000
3473	266.600000
3474	228.800000
3475	206.400000
3476	176.300000
3477	259.300000
3478	327.100000
3479	218.700000
3480	113.100000
3481	252.400000
3482	224.900000
3483	145.700000
3484	196.900000
3485	262.600000
3486	224.100000
3487	149.800000
3488	240.900000
3489	181.500000
3490	218.600000
3491	227.700000
3492	213.000000
3493	190.300000
3494	226.200000
3495	199.300000
3496	147.000000
3497	214.800000
3498	251.700000
3499	225.800000
3500	68.000000
3501	167.300000
3502	251.800000
3503	242.300000
3504	213.200000
3505	172.300000
3506	226.500000
3507	213.800000
3508	180.300000
3509	134.600000
3510	73.600000
3511	228.100000
3512	225.200000
3513	183.400000
3514	226.900000
3515	281.300000
3516	183.300000
3517	228.500000
3518	227.200000
3519	141.700000
3520	74.600000
3521	147.700000
3522	180.300000
3523	246.800000
3524	179.500000
3525	163.600000
3526	307.900000
3527	226.100000
3528	75.200000
3529	227.100000
3530	215.900000
3531	221.900000
3532	181.400000
3533	229.200000
3534	161.300000
3535	218.300000
3536	110.800000
3537	225.000000
3538	282.800000
3539	228.200000
3540	160.700000
3541	228.900000
3542	118.200000
3543	185.400000
3544	226.800000
3545	172.400000
3546	150.200000
3547	227.900000
3548	182.400000
3549	85.200000
3550	223.200000
3551	369.700000
3552	241.300000
3553	141.000000
3554	228.900000
3555	168.400000
3556	149.900000
3557	228.400000
3558	182.200000
3559	228.900000
3560	218.600000
3561	183.400000
3562	221.800000
3563	149.500000
3564	75.700000
3565	171.500000
3566	227.000000
3567	287.700000
3568	228.800000
3569	309.500000
3570	102.800000
3571	228.400000
3572	205.000000
3573	167.700000
3574	228.100000
3575	85.900000
3576	193.000000
3577	221.800000
3578	227.700000
3579	183.100000
3580	207.900000
3581	228.300000
3582	149.600000
3583	228.400000
3584	68.800000
3585	200.200000
3586	248.100000
3587	250.000000
3588	120.600000
3589	389.900000
3590	216.700000
3591	107.900000
3592	226.100000
3593	231.000000
3594	181.900000
3595	172.700000
3596	181.000000
3597	255.000000
3598	215.700000
3599	322.900000
3600	79.400000
3601	215.700000
3602	228.700000
3603	227.100000
3604	285.800000
3605	223.500000
3606	230.200000
3607	245.600000
3608	242.300000
3609	215.000000
3610	148.200000
3611	205.500000
3612	148.900000
3613	245.500000
3614	222.400000
3615	220.500000
3616	188.100000
3617	245.300000
3618	191.200000
3619	173.500000
3620	241.600000
3621	273.800000
3622	231.400000
3623	244.800000
3624	236.900000
3625	129.900000
3626	255.100000
3627	132.600000
3628	214.600000
3629	235.300000
3630	85.800000
3631	246.500000
3632	205.600000
3633	215.400000
3634	220.900000
3635	224.600000
3636	222.000000
3637	245.200000
3638	256.200000
3639	241.800000
3640	76.700000
3641	201.300000
3642	191.300000
3643	246.300000
3644	217.300000
3645	82.000000
3646	230.600000
3647	227.700000
3648	103.400000
3649	394.700000
3650	228.300000
3651	195.600000
3652	251.800000
3653	217.400000
3654	126.300000
3655	184.700000
3656	174.300000
3657	297.100000
3658	231.900000
3659	223.200000
3660	230.300000
3661	226.200000
3662	225.400000
3663	260.600000
3664	206.600000
3665	200.500000
3666	180.100000
3667	282.300000
3668	231.200000
3669	194.500000
3670	205.400000
3671	223.800000
3672	106.600000
3673	224.300000
3674	229.600000
3675	78.000000
3676	213.300000
3677	224.000000
3678	203.400000
3679	217.200000
3680	110.200000
3681	227.200000
3682	227.400000
3683	212.500000
3684	191.600000
3685	206.800000
3686	266.800000
3687	194.100000
3688	175.800000
3689	168.500000
3690	241.200000
3691	224.300000
3692	247.000000
3693	194.000000
3694	228.800000
3695	203.200000
3696	75.500000
3697	223.100000
3698	233.800000
3699	222.800000
3700	256.000000
3701	223.400000
3702	207.400000
3703	165.200000
3704	177.400000
3705	118.300000
3706	294.000000
3707	202.800000
3708	230.800000
3709	225.200000
3710	253.300000
3711	195.600000
3712	122.700000
3713	278.800000
3714	205.100000
3715	203.700000
3716	214.500000
3717	170.100000
3718	92.200000
3719	224.300000
3720	133.400000
3721	400.300000
3722	226.700000
3723	264.400000
3724	111.900000
3725	197.600000
3726	119.300000
3727	223.600000
3728	208.600000
3729	208.100000
3730	205.800000
3731	251.300000
3732	194.200000
3733	223.500000
3734	226.100000
3735	241.600000
3736	176.200000
3737	409.700000
3738	230.100000
3739	223.100000
3740	111.600000
3741	209.100000
3742	227.600000
3743	197.800000
3744	81.200000
3745	224.800000
3746	227.000000
3747	195.500000
3748	215.800000
3749	302.200000
3750	80.100000
3751	144.700000
3752	198.400000
3753	227.100000
3754	220.800000
3755	245.100000
3756	194.500000
3757	146.700000
3758	220.700000
3759	220.700000
3760	170.000000
3761	230.900000
3762	117.700000
3763	429.700000
3764	180.000000
3765	243.700000
3766	227.200000
3767	229.400000
3768	171.400000
3769	229.100000
3770	136.200000
3771	231.800000
3772	295.400000
3773	81.200000
3774	294.200000
3775	240.100000
3776	170.000000
3777	182.800000
3778	221.000000
3779	231.500000
3780	78.800000
3781	198.900000
3782	303.000000
3783	241.500000
3784	165.500000
3785	182.200000
3786	165.900000
3787	256.000000
3788	181.400000
3789	231.800000
3790	179.100000
3791	280.900000
3792	179.500000
3793	230.600000
3794	263.600000
3795	130.600000
3796	238.800000
3797	231.500000
3798	231.900000
3799	300.200000
3800	109.500000
3801	257.500000
3802	221.400000
3803	232.000000
3804	160.100000
3805	181.800000
3806	233.900000
3807	173.500000
3808	108.300000
3809	203.900000
3810	159.500000
3811	418.700000
3812	180.100000
3813	313.400000
3814	223.800000
3815	263.400000
3816	257.600000
3817	240.600000
3818	299.100000
3819	245.800000
3820	214.200000
3821	231.300000
3822	80.400000
3823	232.600000
3824	208.900000
3825	111.800000
3826	221.800000
3827	319.200000
3828	136.300000
3829	219.500000
3830	181.300000
3831	184.900000
3832	182.000000
3833	232.900000
3834	241.300000
3835	187.400000
3836	233.200000
3837	184.000000
3838	283.100000
3839	241.000000
3840	79.700000
3841	281.600000
3842	241.100000
3843	243.300000
3844	198.300000
3845	236.100000
3846	228.800000
3847	254.500000
3848	273.300000
3849	240.800000
3850	84.500000
3851	254.600000
3852	232.100000
3853	254.400000
3854	356.200000
3855	230.800000
3856	231.400000
3857	173.900000
3858	232.700000
3859	257.000000
3860	252.000000
3861	92.800000
3862	253.300000
3863	254.700000
3864	126.000000
3865	188.700000
3866	253.500000
3867	240.400000
3868	233.100000
3869	432.800000
3870	157.200000
3871	185.400000
3872	94.500000
3873	239.300000
3874	205.600000
3875	138.000000
3876	152.400000
3877	254.100000
3878	229.700000
3879	233.800000
3880	234.900000
3881	253.400000
3882	234.000000
3883	247.800000
3884	233.600000
3885	273.200000
3886	271.000000
3887	138.500000
3888	89.000000
3889	267.200000
3890	188.300000
3891	265.100000
3892	232.600000
3893	257.300000
3894	192.700000
3895	298.300000
3896	266.700000
3897	265.300000
3898	207.600000
3899	217.500000
3900	81.200000
3901	359.900000
3902	208.500000
3903	267.900000
3904	245.000000
3905	258.400000
3906	138.500000
3907	208.600000
3908	208.700000
3909	266.500000
3910	164.200000
3911	208.000000
3912	262.200000
3913	169.000000
3914	282.700000
3915	137.600000
3916	257.000000
3917	208.400000
3918	255.700000
3919	209.000000
3920	76.800000
3921	265.800000
3922	457.700000
3923	209.500000
3924	270.200000
3925	171.200000
3926	262.700000
3927	124.200000
3928	216.200000
3929	208.600000
3930	254.500000
3931	207.100000
3932	210.700000
3933	164.900000
3934	228.600000
3935	188.700000
3936	250.300000
3937	229.300000
3938	236.600000
3939	257.500000
3940	168.200000
3941	218.800000
3942	241.800000
3943	207.800000
3944	176.600000
3945	241.700000
3946	210.400000
3947	208.400000
3948	181.400000
3949	241.800000
3950	189.900000
3951	257.500000
3952	127.600000
3953	318.800000
3954	253.500000
3955	207.600000
3956	211.600000
3957	268.100000
3958	208.700000
3959	428.300000
3960	84.400000
3961	259.200000
3962	230.400000
3963	268.600000
3964	210.800000
3965	262.100000
3966	255.700000
3967	208.900000
3968	134.900000
3969	87.500000
3970	188.600000
3971	161.000000
3972	213.000000
3973	313.100000
3974	209.000000
3975	274.500000
3976	252.700000
3977	426.200000
3978	120.700000
3979	285.900000
3980	164.500000
3981	268.500000
3982	274.700000
3983	245.400000
3984	254.300000
3985	191.400000
3986	210.300000
3987	255.200000
3988	212.000000
3989	209.100000
3990	118.200000
3991	213.700000
3992	216.100000
3993	104.500000
3994	209.500000
3995	228.500000
3996	276.400000
3997	241.400000
3998	214.100000
3999	232.400000
4000	77.000000
4001	247.700000
4002	186.400000
4003	273.700000
4004	94.100000
4005	247.000000
4006	264.800000
4007	272.600000
4008	242.800000
4009	286.600000
4010	239.100000
4011	225.600000
4012	225.700000
4013	273.900000
4014	257.200000
4015	251.800000
4016	262.000000
4017	260.600000
4018	261.200000
4019	276.400000
4020	210.300000
4021	273.300000
4022	263.200000
4023	215.500000
4024	168.100000
4025	127.900000
4026	273.200000
4027	274.100000
4028	320.300000
4029	235.800000
4030	150.800000
4031	313.900000
4032	77.800000
4033	473.400000
4034	266.100000
4035	243.000000
4036	222.600000
4037	229.600000
4038	259.900000
4039	264.900000
4040	247.100000
4041	259.700000
4042	272.600000
4043	217.300000
4044	215.000000
4045	246.500000
4046	157.000000
4047	301.900000
4048	138.200000
4049	274.300000
4050	91.000000
4051	280.000000
4052	222.500000
4053	267.500000
4054	211.900000
4055	277.300000
4056	92.500000
4057	229.100000
4058	208.700000
4059	274.200000
4060	139.900000
4061	322.300000
4062	203.500000
4063	261.600000
4064	170.500000
4065	283.700000
4066	287.100000
4067	265.400000
4068	213.700000
4069	216.500000
4070	283.600000
4071	238.100000
4072	169.000000
4073	231.100000
4074	250.000000
4075	274.500000
4076	184.500000
4077	269.400000
4078	211.600000
4079	230.600000
4080	113.400000
4081	290.700000
4082	188.000000
4083	256.400000
4084	181.300000
4085	212.700000
4086	234.100000
4087	401.400000
4088	252.300000
4089	252.000000
4090	257.200000
4091	230.100000
4092	150.200000
4093	230.400000
4094	309.200000
4095	89.800000
4096	76.700000
