2.644691
-0.034557
-0.653611
-0.181543
-0.626103
-0.380832
-0.557307
0.380246
2.758325
0.320710
-0.898819
-0.254987
-0.815655
-0.239970
-1.051119
0.256963
3.090270
-0.308287
-1.455414
0.227868
-0.997394
0.297684
-1.148717
-0.021785
2.732891
0.010765
-1.138569
0.332561
-0.912967
-0.148432
-0.743036
0.489901
3.317011
0.361529
-0.933465
0.449083
-0.519303
0.009228
-1.412495
-0.260979
3.088115
0.188686
-0.757789
-0.227541
-1.293108
-0.050731
-1.212401
0.297162
3.399157
-0.167815
-0.716793
-0.098237
-1.111954
-0.365510
-0.620022
0.120937
3.403431
-0.000415
-1.046502
0.248640
-0.648848
-0.289537
-0.761458
0.168164
2.830168
0.063252
-0.624577
-0.189136
-1.169344
0.462929
-0.691938
-0.323052
3.409791
0.050272
-1.050593
-0.383317
-1.242283
0.495182
-1.327979
-0.343125
3.085543
-0.286596
-0.941362
0.473589
-1.152106
0.196792
-0.647299
-0.248674
2.696377
-0.193801
-0.500034
-0.452470
-0.725162
0.496684
-0.526131
-0.394994
3.318113
0.349293
-0.825953
-0.351231
-1.429603
0.240285
-1.174283
0.480189
3.048733
-0.466700
-1.144951
0.306451
-1.213342
0.285246
-0.536674
-0.369622
3.498651
0.280140
-1.137857
0.104720
-1.023068
-0.285155
-1.385778
0.173310
3.279220
-0.127636
-0.520984
0.054058
-1.130952
0.452886
-0.582760
-0.054662
2.560354
0.349463
-0.647716
-0.111072
-0.910251
-0.063823
-0.872707
-0.361517
3.227653
0.482341
-1.296890
-0.485688
-1.474236
-0.333564
-1.097134
-0.475585
2.704751
0.265009
-0.870865
0.181684
-0.520146
0.243358
-0.886830
0.259075
2.873898
0.350361
-0.928691
-0.498878
-1.438577
0.246726
-1.053540
-0.378222
3.096189
-0.201256
-0.731118
-0.055886
-0.765080
-0.103825
-0.917404
0.220750
2.878517
-0.456118
-0.764938
0.162457
-1.031507
-0.362072
-0.813129
0.173246
2.661113
0.074182
-1.145070
-0.359032
-0.924284
-0.273724
-1.341782
0.449614
2.576637
0.487703
-0.549263
-0.361940
-0.765571
-0.102802
-0.981986
-0.169381
3.454118
-0.213104
-1.467091
0.447214
-0.816928
0.115506
-0.832036
-0.180235
3.159388
0.161202
-0.517778
-0.372119
-1.442694
0.427269
-1.440697
-0.281580
3.001452
0.172409
-0.882436
-0.164656
-0.601316
-0.466041
-1.215042
-0.266502
2.521662
-0.006129
-0.870265
0.256091
-1.350755
-0.352250
-1.155114
-0.396637
3.192822
-0.122205
-1.191247
0.134069
-1.248523
-0.265107
-0.546166
-0.330959
2.654271
-0.305768
-0.944901
-0.030247
-1.120322
0.114402
-0.811826
-0.360694
2.786811
0.063914
-1.025350
-0.056329
-0.902127
-0.482216
-0.822830
0.377711
3.011655
-0.193095
-0.866197
0.160900
-0.787169
-0.263135
-1.477561
-0.094347
3.114660
0.089368
-1.460278
-0.375687
-0.675739
-0.248267
-1.206646
-0.263292
3.204141
-0.393371
-0.793538
-0.416182
-0.778969
0.152812
-1.018700
-0.233982
2.716726
0.455949
-0.790310
-0.427225
-0.526266
0.145036
-0.549514
0.243566
3.451941
0.342465
-1.095533
0.422947
-1.420670
0.185082
-1.171401
0.193991
2.774450
0.126498
-1.423520
-0.143114
-1.363593
-0.130166
-0.906405
0.340548
2.976463
0.058233
-1.317458
-0.044330
-1.288955
0.163842
-0.778312
-0.072229
3.377968
0.189553
-0.741277
-0.390122
-1.165410
0.209209
-0.646557
0.044706
3.051674
0.016086
-0.774170
0.131004
-1.298832
-0.187395
-0.916829
0.233794
3.439103
0.159650
-1.151143
-0.166314
-1.212339
-0.299372
-1.067591
-0.477700
3.258860
0.114952
-1.022030
0.469905
-0.963030
-0.042166
-0.844148
0.173114
2.905563
-0.085425
-0.717008
0.498329
-1.118040
0.394612
-0.698789
0.433635
2.910698
0.027040
-0.677185
0.370042
-0.660354
-0.094014
-0.896164
-0.463075
2.823812
0.452692
-1.129389
0.369649
-1.346680
0.303021
-0.608051
-0.329643
3.176149
0.128095
-1.359738
-0.028705
-1.155895
-0.445709
-1.355591
0.249668
2.968866
-0.314423
-0.752003
-0.390998
-1.419811
0.307385
-1.457364
-0.009112
2.834425
-0.376373
-1.139070
-0.325929
-0.712211
-0.277058
-1.289004
-0.388397
2.933810
0.339783
-0.518748
0.345306
-0.599020
-0.368623
-1.484337
0.077130
3.259472
-0.085899
-1.193399
-0.138247
-1.031608
-0.048989
-1.388579
-0.304566
3.394764
-0.382406
-1.195564
0.474954
-0.575021
0.105249
-0.775982
-0.240596
3.228877
-0.156876
-0.808348
0.016666
-0.933933
-0.339176
-0.613555
0.499877
2.758783
-0.374127
-0.654816
-0.340236
-1.242750
-0.380977
-0.763106
-0.225101
3.033125
-0.456505
-0.863348
-0.498484
-0.747318
-0.493751
-1.044874
0.147446
2.623843
0.259562
-0.619424
-0.193002
-0.877012
0.104594
-0.675422
-0.148135
3.447718
0.016230
-1.373293
0.271960
-0.564770
-0.486848
-1.469986
-0.305986
2.639025
-0.366626
-1.146222
0.154451
-1.247603
-0.151151
-0.570651
0.285522
3.150520
0.066001
-1.454786
-0.096799
-0.927750
0.000341
-1.191177
0.454269
3.018079
-0.052425
-1.238732
-0.358933
-1.447831
-0.414154
-0.748893
-0.241936
3.360252
0.377814
-1.469975
0.295482
-1.350858
-0.181785
-1.252329
-0.211832
2.951589
0.101450
-0.557381
0.203985
-1.291526
-0.369855
-0.752317
0.358994
3.196146
0.292897
-0.979628
0.026572
-0.948585
0.329195
-1.019159
-0.172330
2.776771
-0.499716
-0.773087
0.087116
-1.413870
-0.021979
-0.654820
-0.295441
3.114012
-0.366620
-1.499959
0.263154
-1.048405
-0.252287
-1.190502
0.403184
2.607339
-0.247883
-0.634655
-0.184187
-1.117738
0.113029
-1.325193
-0.163416
3.164102
0.195179
-0.636844
-0.026307
-0.717450
0.102173
-0.698637
-0.182503
3.102458
0.028276
-1.337211
0.446764
-1.235527
-0.233855
-1.348677
0.378485
2.899526
-0.090460
-0.600184
-0.390704
-0.584572
-0.290686
-1.229344
-0.219057
3.219607
-0.105823
-0.903244
-0.139955
-1.492794
-0.470260
-0.545195
0.429485
3.483094
-0.423863
-1.096822
-0.476180
-0.821690
-0.037283
-0.900507
0.038944
2.749169
0.262283
-0.756115
0.013642
-1.471572
0.395209
-0.849697
0.186130
3.062924
0.050118
-1.446397
0.236529
-1.482391
-0.175741
-1.482528
0.495392
3.218437
0.114229
-1.144563
0.483818
-0.597855
-0.189758
-0.586697
0.385239
2.886379
0.074657
-1.332764
-0.177136
-1.204450
0.266730
-0.638191
0.044719
3.029012
0.105694
-1.183463
0.315616
-0.740922
0.466841
-0.998254
0.080179
3.275135
0.055349
-1.183291
-0.449081
-1.362216
-0.165818
-1.453689
-0.385603
2.706587
0.159923
-1.401784
-0.391269
-1.271659
-0.230305
-1.247854
0.372896
2.602529
0.177557
-1.304239
-0.101922
-1.055713
-0.184254
-1.299027
-0.268524
2.679616
0.017510
-1.194731
-0.303130
-0.757473
0.307015
-0.722951
0.017663
3.120541
-0.406242
-0.673242
-0.483499
-0.813885
0.373070
-1.369102
0.392702
3.291169
-0.012710
-1.240391
-0.480490
-0.743015
0.269931
-0.607594
-0.382310
2.947488
-0.153658
-0.984232
-0.350048
-0.837912
0.216742
-0.860397
-0.400120
2.992428
0.444872
-1.203250
-0.265045
-1.489936
-0.168025
-0.747382
0.388780
3.183909
0.337552
-0.594718
-0.129976
-0.789378
-0.205644
-0.979098
0.259967
3.281645
-0.461313
-0.720522
0.296807
-1.433206
0.171884
-0.585504
0.272459
2.776403
0.188441
-0.577589
0.438491
-0.836642
0.062015
-1.203454
-0.344213
3.265063
0.093296
-1.109257
0.275126
-0.574728
-0.098463
-0.836093
0.367357
2.739089
0.069188
-1.262619
-0.292113
-0.636456
-0.483540
-0.532145
0.403366
2.555147
-0.494492
-0.799827
-0.119883
-0.564431
0.372846
-1.347424
-0.288028
3.061287
-0.166836
-1.349537
-0.275355
-1.346645
-0.052991
-0.861392
0.418418
2.798481
-0.212473
-0.806455
-0.018071
-0.810935
-0.142548
-1.150715
-0.313669
2.684817
0.344842
-0.847605
-0.193464
-0.638698
0.378426
-1.290098
-0.325375
3.383934
-0.331749
-0.945257
0.319503
-1.458902
0.207320
-1.468526
0.360560
2.540484
-0.059887
-1.156618
-0.306162
-1.354702
0.481991
-1.129568
-0.056220
2.769518
-0.436023
-1.316115
-0.283241
-0.820395
0.033171
-0.838734
-0.377402
3.136189
-0.186340
-1.070865
-0.002508
-1.307914
0.397214
-0.827883
-0.423980
2.823641
-0.014964
-1.346301
0.122915
-1.049468
-0.314826
-1.016525
-0.008985
3.125287
0.326857
-0.556970
-0.471239
-1.432977
-0.186538
-1.027459
0.094718
3.135616
0.414602
-0.688523
-0.184779
-0.794051
-0.027257
-1.062180
-0.157861
2.544580
-0.374869
-0.660369
-0.005159
-1.219480
0.269924
-0.929139
0.104162
3.013136
0.224561
-1.272923
0.463667
-1.332089
0.468729
-1.045318
-0.448626
3.295586
0.155888
-1.419865
0.362609
-0.530649
0.310852
-1.042674
0.104967
3.225453
0.026979
-1.321636
-0.068597
-1.242101
0.374360
-0.726458
0.060654
2.757667
0.371349
-1.444504
0.038188
-0.600551
0.126358
-1.099474
-0.087414
3.109094
0.385779
-1.123747
0.277005
-0.645492
-0.410888
-1.413446
0.408270
3.245000
-0.333311
-1.470945
0.472526
-0.522460
0.244557
-0.664331
0.202995
3.029713
-0.485967
-1.107426
0.287611
-0.611606
-0.333884
-1.151734
-0.353939
2.795641
0.161937
-0.557575
-0.304911
-1.211705
0.101127
-0.892325
-0.344434
2.986906
0.483928
-1.309253
0.099590
-1.426959
-0.222698
-0.992140
-0.423783
2.943991
0.295090
-1.451256
0.179707
-0.960352
0.384413
-1.117298
-0.430639
3.398446
0.275275
-1.384851
-0.454984
-1.300433
0.221591
-1.050747
-0.004792
2.883529
0.149854
-0.809702
0.429999
-1.249019
0.056149
-1.156259
0.237888
3.040077
0.034488
-0.904345
0.371293
-1.430034
-0.138309
-0.552490
0.272133
2.656782
-0.245570
-1.048159
0.454605
-1.361158
0.334543
-1.217858
-0.204535
3.367995
-0.102709
-0.901343
-0.174262
-1.122942
-0.452090
-0.679054
-0.481237
3.197764
0.269419
-0.551237
0.448745
-1.174432
0.050680
-0.555191
-0.376178
2.585168
0.040464
-1.246709
-0.086690
-0.597845
-0.041022
-1.314556
-0.182887
3.213408
0.137285
-1.228281
-0.389574
-0.769996
0.053861
-1.094109
0.356175
2.709328
-0.495452
-1.318086
0.344563
-1.189366
-0.238964
-0.636675
-0.233425
2.530455
-0.429736
-1.284680
0.114199
-0.879056
-0.081695
-0.503804
0.464289
2.716945
-0.250512
-1.122400
-0.122724
-0.791535
0.063044
-0.805612
0.180050
2.700328
-0.275717
-0.709524
-0.311492
-1.463680
-0.303632
-1.455316
-0.254351
2.959092
-0.273403
-1.151612
-0.472098
-1.012367
-0.288286
-1.205523
0.276264
3.040154
0.009796
-0.851361
-0.338902
-1.313722
0.144836
-1.374613
-0.096777
2.652500
0.261162
-0.719501
-0.380859
-1.175794
0.233064
-0.700809
0.282711
3.457346
0.089667
-0.528780
0.493667
-1.455790
-0.225920
-1.002508
0.261479
3.000677
0.345880
-0.710619
-0.253514
-1.184230
-0.416142
-1.219074
0.355925
3.351831
-0.312259
-1.224800
-0.461892
-0.667423
-0.099413
-0.800493
-0.256747
2.919926
0.238182
-1.137605
0.244131
-1.028755
-0.338414
-0.714982
0.186769
2.509429
-0.485586
-0.819564
-0.446360
-1.211507
-0.322072
-1.426705
0.289171
2.781985
0.362676
-1.206167
0.097755
-0.553465
0.074759
-1.046320
-0.443458
2.520675
0.487056
-1.405350
0.353253
-0.854181
-0.447666
-1.145318
-0.434255
3.290516
0.217077
-1.431948
0.019937
-1.363160
0.353071
-1.293294
-0.353731
3.367484
-0.354682
-1.041915
-0.344022
-0.918578
0.031380
-1.296676
0.363407
3.152233
-0.002843
-1.038837
0.356943
-1.169909
-0.326980
-0.586516
-0.149232
2.660076
-0.233690
-1.037803
0.305895
-1.181356
-0.424945
-1.370185
-0.132663
3.292132
-0.302133
-0.612726
-0.312853
-1.449062
-0.147843
-1.166584
-0.323401
2.997475
-0.450323
-1.167422
-0.421104
-0.660766
0.294078
-1.299520
-0.008533
3.049412
0.161643
-0.893414
-0.362321
-1.407161
0.020070
-0.753378
0.011091
3.286380
-0.033005
-0.924838
-0.394975
-0.957950
0.204977
-0.769463
-0.165818
2.661021
0.117812
-0.978670
-0.288041
-1.271856
-0.387078
-0.853266
0.225619
2.920775
-0.262512
-1.437308
-0.239991
-1.468433
-0.236828
-1.490348
0.080978
2.682990
0.116237
-0.523167
0.034005
-1.105517
0.223456
-1.454904
-0.319135
2.690451
0.378434
-0.955934
0.232501
-0.658413
-0.225396
-1.175141
-0.497392
2.650591
0.346188
-1.027256
-0.121264
-1.282714
-0.380521
-1.137469
0.138063
2.856966
0.183398
-1.343752
0.146709
-0.553430
-0.075923
-1.014137
-0.112263
2.798490
-0.037304
-0.578257
0.192974
-1.313848
-0.274985
-1.367986
0.134780
2.603449
0.176080
-1.132719
-0.296788
-1.291141
0.192140
-1.294180
-0.140549
3.296505
0.436740
-0.503637
-0.486209
-1.185606
0.117070
-0.848146
0.171362
2.800469
-0.433722
-0.923753
0.005215
-1.009645
-0.437890
-0.607048
0.288845
3.024806
0.314695
-1.018181
0.469135
-1.460290
0.113834
-0.896086
-0.098664
3.048090
-0.270629
-0.895452
0.256949
-0.578488
-0.431456
-1.125423
0.476193
2.505285
0.129116
-0.510015
0.077855
-1.253814
0.400015
-1.250784
0.304832
3.466293
-0.416361
-1.189953
0.214824
-1.354251
-0.038824
-0.996331
0.428732
2.775871
-0.256335
-1.343957
0.073757
-1.384326
0.259958
-0.524907
0.421941
2.747505
0.337817
-0.562933
-0.072807
-0.593639
-0.188356
-1.096614
-0.330178
3.440759
-0.106629
-0.752323
-0.054878
-0.948438
-0.244930
-0.991871
0.276032
2.838709
0.318176
-1.009144
0.242634
-1.220648
-0.247298
-0.828634
0.313400
2.996367
0.327409
-1.112842
0.370217
-0.654456
0.120427
-1.449666
-0.148775
2.958244
0.487401
-0.721581
0.122781
-1.200956
-0.318195
-0.707398
-0.002020
3.333352
0.298455
-1.298721
-0.115086
-1.188298
0.209408
-1.339054
0.150411
3.285761
0.151802
-0.848778
-0.176711
-1.337319
0.080764
-1.363311
0.417224
3.166350
0.282022
-0.712559
0.011893
-1.097551
0.337776
-1.378706
0.360693
3.325176
0.399713
-1.016526
-0.117603
-1.418482
0.034253
-1.361447
-0.326954
2.832708
-0.160168
-0.942039
0.144410
-1.450760
0.477083
-0.947003
-0.406823
3.387062
-0.295782
-1.083533
-0.450258
-1.456841
0.053156
-0.533035
0.209509
3.093355
-0.487418
-1.020422
0.495804
-1.391466
0.100873
-0.643503
0.433711
3.000586
0.098147
-0.925715
0.340279
-1.367600
0.212838
-1.486674
0.223286
2.552670
0.329462
-0.874128
-0.139914
-0.693454
-0.062955
-1.046737
0.451783
3.399439
-0.372094
-1.498475
0.442598
-0.818938
-0.273333
-0.847894
0.032593
2.739250
-0.368315
-0.971603
-0.152216
-0.767443
0.143071
-0.960329
-0.008680
2.741219
-0.127869
-1.168401
0.131795
-1.415031
0.103101
-0.886744
-0.104184
2.932564
-0.260872
-0.744098
-0.002715
-0.823827
-0.032658
-1.050931
0.075613
3.095248
0.208770
-0.981789
0.034486
-1.306387
-0.329683
-1.432921
-0.067137
3.060178
0.095476
-1.461177
-0.207264
-1.003277
0.336670
-0.715945
0.237942
2.708801
-0.126170
-0.872087
-0.206229
-1.264892
-0.258830
-0.810413
0.167672
2.980298
0.203665
-1.076866
-0.085353
-1.328993
-0.369621
-0.509741
-0.475570
2.597325
0.266646
-0.941084
-0.209062
-1.304860
0.125995
-0.518024
0.255318
2.979648
-0.479201
-1.451946
0.476370
-0.642532
-0.409715
-0.527512
-0.433730
3.222292
0.100400
-1.139958
0.457400
-1.400254
-0.192195
-0.616752
0.338220
2.511470
-0.193619
-1.247132
-0.059348
-0.805063
0.001303
-1.034918
0.292262
3.026126
-0.217826
-1.158624
0.221265
-0.591830
-0.176648
-1.023418
0.145993
2.844151
0.282812
-0.619460
-0.040205
-1.368726
-0.388796
-0.715758
0.353566
3.469781
-0.097541
-0.689034
-0.430474
-0.789736
0.194214
-0.592253
0.479910
2.758771
-0.081210
-1.079438
-0.288116
-0.579906
-0.356180
-1.237679
-0.053781
2.925994
0.103697
-1.074340
0.092340
-0.572951
0.402243
-1.003491
0.029376
3.443232
-0.122951
-1.252652
-0.425495
-1.011748
-0.468410
-0.571929
-0.041967
2.934049
0.497212
-0.714264
-0.097511
-0.808574
0.193483
-1.117602
-0.291626
2.612274
-0.438864
-1.079742
-0.209457
-1.295044
0.182580
-0.505062
0.130950
2.786277
-0.079402
-1.018534
-0.028499
-0.918983
0.477976
-1.240947
0.024249
2.855024
0.264577
-0.643069
-0.398547
-0.703833
0.285002
-0.682338
-0.011608
3.282214
0.103398
-0.609118
0.231816
-0.944943
-0.226720
-0.559810
0.425507
3.092592
-0.139552
-1.283950
0.297548
-1.198796
-0.030835
-0.813326
0.345657
2.647940
-0.073683
-1.182842
0.228957
-1.095708
0.334388
-0.988618
-0.482507
3.098965
-0.131687
-1.381054
0.153308
-1.346685
-0.305215
-1.100124
-0.306295
3.298183
-0.209243
-1.316302
0.111416
-0.677786
-0.376112
-0.963077
-0.085193
3.242513
-0.488850
-1.029469
-0.198107
-1.019686
-0.084618
-1.352450
0.128254
3.341699
-0.035292
-0.884612
-0.254009
-0.942728
-0.373230
-0.978340
-0.085587
3.253259
0.398782
-1.174103
-0.335251
-1.406433
0.225773
-1.141546
-0.350073
2.516531
0.042151
-0.738657
-0.403079
-0.575784
-0.201733
-0.730097
0.424905
2.809417
-0.259566
-1.273202
-0.452093
-0.586008
-0.125652
-0.823838
0.255691
2.597233
0.049725
-1.240142
0.412680
-0.565329
0.281519
-1.172907
0.187931
3.180301
0.152990
-0.647320
-0.467956
-0.863061
-0.030690
-1.318030
0.411647
2.511462
0.443314
-1.491432
-0.306146
-1.258419
0.278471
-1.123065
0.050998
2.777081
0.103733
-0.901094
-0.050750
-1.263742
0.033244
-1.036883
0.091666
2.841145
0.222975
-0.995653
-0.224184
-0.737330
0.331440
-0.536253
0.201147
3.242606
0.316427
-0.766809
0.137722
-1.214263
0.415162
-0.950631
0.055376
3.358475
0.057936
-1.492594
-0.141768
-0.905416
-0.115659
-1.332594
-0.370158
2.746250
-0.475512
-0.662732
-0.017493
-0.942268
-0.199615
-1.425827
-0.342946
2.781536
0.336695
-1.067130
-0.455795
-0.573689
0.154794
-1.496472
0.168918
3.229397
0.236719
-1.193359
-0.226690
-0.589943
-0.385814
-0.671315
-0.473291
3.430298
-0.405733
-1.115058
0.024882
-0.763216
0.052349
-0.587100
0.483034
3.076837
0.250167
-0.776283
-0.107255
-1.191272
-0.443934
-0.692026
0.090265
3.392761
-0.259155
-0.607354
0.319073
-1.346186
0.396175
-0.753833
0.383211
3.391070
-0.189016
-1.343478
0.301127
-1.074831
-0.256617
-1.413988
-0.144532
3.095826
0.229130
-1.361474
-0.167390
-1.218522
-0.190398
-1.184357
-0.383508
2.559770
-0.460640
-0.732587
-0.131502
-1.146397
0.333564
-1.283061
-0.253636
2.832584
-0.390415
-1.176386
-0.013601
-1.494240
-0.430218
-1.130390
0.396830
3.138942
0.284308
-0.543866
-0.435889
-1.472309
-0.457854
-0.822245
0.123518
3.271276
0.316281
-1.285696
-0.189069
-1.374116
0.029948
-0.814401
-0.056170
3.327484
0.211188
-1.429495
-0.318914
-0.955248
-0.212556
-0.814373
0.377337
2.897029
-0.490760
-0.878088
0.160964
-1.162802
0.491522
-0.684029
0.476140
2.534006
0.272104
-1.201572
-0.180127
-1.427573
0.476183
-1.298433
-0.398120
2.550641
-0.084129
-0.829013
-0.065300
-0.554181
-0.143414
-1.363294
-0.468521
2.825950
-0.292789
-1.029258
-0.371123
-0.747170
-0.085455
-1.235610
-0.091964
3.181961
0.386301
-1.431000
-0.480840
-1.364000
0.384971
-1.246524
-0.329994
3.415252
0.051903
-1.010120
0.487679
-0.713738
0.191447
-1.410442
-0.404921
2.607318
0.260545
-0.970220
-0.188687
-1.124693
0.166487
-0.899032
0.459433
2.631874
-0.428290
-1.411690
0.384704
-0.755568
-0.147300
-0.949084
-0.073607
2.739002
0.119916
-0.796271
0.133178
-0.736936
0.457205
-0.696816
0.178316
3.267285
-0.206936
-0.575829
0.311723
-1.257313
-0.486271
-0.593198
-0.149995
2.532450
-0.063418
-0.580505
0.165933
-1.138755
0.020463
-0.874634
-0.006881
3.350350
0.471852
-0.864000
0.094781
-0.917272
-0.313084
-1.478826
0.321731
2.565009
0.224903
-0.786915
-0.413752
-0.559716
0.016269
-0.735436
0.207570
2.567509
0.188735
-0.980707
-0.189804
-0.539360
0.184271
-0.581623
-0.248733
2.620853
0.337871
-0.582800
0.240275
-0.883490
0.300743
-1.266606
-0.033140
3.272595
-0.372430
-1.180183
-0.144677
-0.927338
-0.159008
-1.064770
0.395847
2.824071
-0.351685
-0.517904
0.022531
-0.577240
0.246660
-1.011723
0.490269
3.193571
-0.234254
-1.199535
0.154211
-0.549983
-0.281157
-1.336346
-0.170953
2.814890
-0.419146
-1.430678
0.431401
-1.360227
0.060892
-1.101739
-0.329456
3.188462
0.218078
-0.974132
0.019301
-1.182754
-0.280726
-1.084852
0.399493
3.125765
0.155420
-1.077975
0.048525
-0.839744
-0.331522
-0.961206
-0.146173
2.934224
-0.402564
-1.233786
-0.115759
-1.183722
0.188044
-0.786712
0.131169
3.268899
0.282610
-0.937430
-0.333153
-1.156497
-0.280993
-1.162609
-0.209859
2.695261
-0.378566
-1.432382
0.012507
-1.159291
0.240942
-0.829824
-0.275350
2.896362
-0.149623
-0.726825
-0.443382
-0.981145
0.070146
-0.831379
0.453079
3.167582
-0.306989
-1.162679
0.483860
-0.618945
-0.191215
-0.626795
0.408130
2.591395
0.193951
-1.425022
0.193073
-0.587042
0.170545
-1.258610
-0.391780
3.291979
-0.190992
-0.621097
-0.367313
-1.450049
0.307256
-1.142663
0.204489
2.657633
-0.111312
-1.480717
0.176488
-0.541165
0.446081
-0.870433
0.126417
2.897268
-0.274937
-0.631547
0.036499
-0.966152
0.241658
-1.055370
0.383420
3.193785
0.277783
-0.923507
0.106743
-0.793496
0.317884
-0.526862
-0.001517
2.885068
-0.389783
-0.610653
-0.064982
-0.582527
0.004860
-1.102317
-0.424894
3.393548
-0.083033
-1.490230
-0.389442
-1.136953
0.139337
-0.763025
0.260316
3.364401
0.363604
-1.203185
0.156425
-0.894737
0.499621
-0.960155
0.057224
2.535581
-0.383662
-1.336033
0.242084
-1.307603
-0.104718
-1.259433
0.077466
