1	63.034000
2	69.704000
3	70.510000
4	70.784000
5	71.634000
6	70.756000
7	77.998000
8	70.784000
9	71.162000
10	73.098000
11	73.738000
12	72.906000
13	73.306000
14	78.402000
15	73.504000
16	71.960000
17	73.866000
18	74.200000
19	74.124000
20	74.446000
21	75.130000
22	79.446000
23	74.702000
24	74.614000
25	73.266000
26	80.472000
27	74.244000
28	76.062000
29	75.466000
30	75.636000
31	75.978000
32	74.402000
33	76.798000
34	81.692000
35	76.648000
36	74.838000
37	76.990000
38	81.188000
39	81.284000
40	76.330000
41	77.642000
42	77.888000
43	77.858000
44	77.942000
45	77.972000
46	82.372000
47	78.178000
48	78.062000
49	77.266000
50	79.074000
51	83.292000
52	82.628000
53	79.878000
54	79.352000
55	79.120000
56	78.728000
57	83.758000
58	83.150000
59	79.956000
60	79.980000
61	80.528000
62	83.866000
63	79.916000
64	78.522000
65	84.572000
66	80.942000
67	81.920000
68	85.104000
69	85.302000
70	80.846000
71	83.594000
72	82.078000
73	82.548000
74	85.472000
75	85.546000
76	84.662000
77	82.130000
78	89.460000
79	83.004000
80	83.170000
81	80.580000
82	86.444000
83	83.622000
84	82.654000
85	86.944000
86	87.092000
87	86.986000
88	83.446000
89	84.910000
90	84.258000
91	88.200000
92	88.130000
93	87.864000
94	88.408000
95	88.554000
96	84.392000
97	90.232000
98	89.198000
99	85.548000
100	85.744000
101	91.552000
102	93.336000
103	91.194000
104	88.952000
105	85.108000
106	89.550000
107	87.716000
108	85.974000
109	88.206000
110	86.612000
111	90.164000
112	85.570000
113	93.898000
114	94.604000
115	91.400000
116	90.476000
117	90.742000
118	91.268000
119	90.636000
120	88.022000
121	87.852000
122	92.356000
123	91.768000
124	91.220000
125	86.244000
126	88.088000
127	90.162000
128	88.796000
129	93.000000
130	97.300000
131	95.700000
132	90.400000
133	95.000000
134	94.600000
135	89.700000
136	95.600000
137	95.800000
138	98.300000
139	97.400000
140	91.000000
141	96.100000
142	96.300000
143	95.800000
144	92.900000
145	95.100000
146	98.600000
147	94.800000
148	95.600000
149	97.900000
150	92.000000
151	97.400000
152	96.400000
153	96.700000
154	102.100000
155	96.400000
156	99.800000
157	99.000000
158	99.300000
159	97.400000
160	95.300000
161	96.900000
162	92.700000
163	98.800000
164	99.200000
165	95.600000
166	100.600000
167	99.400000
168	95.800000
169	97.300000
170	101.400000
171	98.600000
172	99.600000
173	99.700000
174	103.300000
175	96.200000
176	96.100000
177	101.000000
178	101.800000
179	101.000000
180	97.200000
181	100.700000
182	103.400000
183	100.300000
184	99.500000
185	99.500000
186	105.600000
187	100.500000
188	100.400000
189	96.300000
190	103.200000
191	101.900000
192	98.600000
193	102.700000
194	105.600000
195	105.800000
196	101.600000
197	103.500000
198	100.500000
199	105.000000
200	98.600000
201	103.000000
202	108.700000
203	101.300000
204	108.200000
205	104.200000
206	107.300000
207	103.300000
208	102.700000
209	104.800000
210	99.200000
211	104.200000
212	103.300000
213	104.800000
214	110.000000
215	104.800000
216	98.100000
217	105.200000
218	109.400000
219	106.800000
220	101.500000
221	106.000000
222	107.900000
223	106.500000
224	101.100000
225	102.300000
226	111.100000
227	109.900000
228	109.700000
229	107.000000
230	110.800000
231	102.500000
232	105.600000
233	108.100000
234	111.800000
235	106.100000
236	107.000000
237	108.300000
238	110.700000
239	108.000000
240	104.300000
241	108.700000
242	110.300000
243	102.300000
244	107.100000
245	105.600000
246	112.100000
247	107.500000
248	108.700000
249	109.600000
250	103.800000
251	109.300000
252	105.800000
253	108.100000
254	115.700000
255	112.700000
256	103.000000
257	110.900000
258	114.300000
259	108.300000
260	111.800000
261	108.200000
262	111.100000
263	111.700000
264	108.000000
265	109.800000
266	113.200000
267	112.600000
268	112.700000
269	111.600000
270	107.100000
271	111.700000
272	111.800000
273	115.200000
274	112.100000
275	107.400000
276	113.600000
277	114.400000
278	112.400000
279	113.400000
280	108.900000
281	113.500000
282	114.700000
283	114.500000
284	112.800000
285	115.100000
286	115.800000
287	111.500000
288	109.100000
289	112.200000
290	115.900000
291	118.400000
292	114.200000
293	114.600000
294	121.800000
295	115.300000
296	113.300000
297	110.300000
298	116.100000
299	113.300000
300	109.900000
301	115.700000
302	116.500000
303	121.000000
304	116.000000
305	114.600000
306	119.100000
307	116.600000
308	114.300000
309	119.500000
310	118.300000
311	119.600000
312	121.300000
313	118.500000
314	117.500000
315	111.300000
316	117.200000
317	117.200000
318	120.500000
319	116.400000
320	110.500000
321	121.100000
322	119.800000
323	116.400000
324	112.500000
325	120.000000
326	119.500000
327	123.100000
328	116.800000
329	116.900000
330	114.200000
331	119.800000
332	119.300000
333	117.800000
334	119.200000
335	118.600000
336	113.700000
337	119.700000
338	124.000000
339	127.300000
340	121.600000
341	119.500000
342	121.200000
343	112.300000
344	120.400000
345	121.900000
346	121.900000
347	123.100000
348	122.700000
349	121.400000
350	116.500000
351	122.000000
352	117.600000
353	124.500000
354	127.200000
355	121.000000
356	122.400000
357	124.300000
358	122.700000
359	124.600000
360	117.900000
361	119.500000
362	123.700000
363	124.500000
364	128.500000
365	123.300000
366	124.600000
367	123.700000
368	122.100000
369	124.400000
370	127.100000
371	121.600000
372	125.100000
373	125.300000
374	126.200000
375	122.300000
376	122.200000
377	123.500000
378	119.000000
379	126.700000
380	126.600000
381	130.800000
382	126.500000
383	125.800000
384	120.900000
385	121.500000
386	126.800000
387	123.800000
388	129.400000
389	127.300000
390	131.300000
391	128.000000
392	120.200000
393	127.400000
394	127.500000
395	126.800000
396	121.800000
397	128.500000
398	127.400000
399	130.200000
400	121.500000
401	128.000000
402	132.300000
403	126.600000
404	131.200000
405	123.700000
406	130.200000
407	126.900000
408	130.200000
409	129.100000
410	132.600000
411	129.000000
412	131.700000
413	126.300000
414	130.900000
415	129.900000
416	127.400000
417	130.800000
418	132.300000
419	131.200000
420	124.100000
421	130.100000
422	129.700000
423	128.300000
424	130.100000
425	129.900000
426	133.000000
427	130.000000
428	133.600000
429	135.000000
430	133.100000
431	131.600000
432	127.400000
433	132.000000
434	133.800000
435	133.500000
436	136.400000
437	133.700000
438	135.400000
439	135.100000
440	126.700000
441	129.000000
442	134.800000
443	133.500000
444	134.300000
445	136.000000
446	133.700000
447	132.900000
448	130.700000
449	134.300000
450	128.400000
451	133.300000
452	137.200000
453	134.500000
454	134.100000
455	136.200000
456	136.500000
457	135.500000
458	135.300000
459	133.300000
460	138.400000
461	135.500000
462	130.400000
463	135.800000
464	134.200000
465	138.300000
466	137.700000
467	138.800000
468	138.500000
469	134.500000
470	137.600000
471	138.600000
472	134.800000
473	134.600000
474	139.600000
475	135.300000
476	138.600000
477	136.200000
478	142.200000
479	139.000000
480	131.500000
481	135.700000
482	137.300000
483	141.200000
484	138.200000
485	142.500000
486	131.700000
487	138.000000
488	136.400000
489	137.900000
490	133.300000
491	139.400000
492	140.600000
493	136.400000
494	140.200000
495	133.500000
496	139.600000
497	137.600000
498	142.500000
499	140.100000
500	137.700000
501	141.400000
502	140.600000
503	139.400000
504	135.500000
505	143.700000
506	141.700000
507	141.700000
508	146.800000
509	141.200000
510	146.200000
511	141.100000
512	135.800000
513	140.700000
514	144.000000
515	143.900000
516	144.700000
517	139.800000
518	143.500000
519	144.700000
520	144.100000
521	144.700000
522	143.200000
523	145.100000
524	150.700000
525	145.500000
526	145.600000
527	141.000000
528	137.900000
529	141.900000
530	147.500000
531	141.600000
532	145.000000
533	143.000000
534	149.400000
535	146.100000
536	143.100000
537	146.300000
538	147.000000
539	139.100000
540	138.500000
541	147.000000
542	150.700000
543	148.900000
544	143.100000
545	147.700000
546	150.800000
547	148.100000
548	148.000000
549	143.700000
550	141.700000
551	142.800000
552	147.300000
553	145.200000
554	147.500000
555	147.500000
556	148.200000
557	148.100000
558	149.500000
559	144.200000
560	140.400000
561	147.500000
562	149.500000
563	149.300000
564	149.600000
565	150.900000
566	150.100000
567	142.000000
568	145.800000
569	150.600000
570	153.600000
571	151.000000
572	149.500000
573	151.300000
574	149.200000
575	146.400000
576	142.600000
577	150.600000
578	150.000000
579	150.800000
580	151.300000
581	148.500000
582	155.600000
583	147.200000
584	150.400000
585	151.100000
586	153.000000
587	151.900000
588	144.400000
589	147.900000
590	152.800000
591	155.300000
592	148.100000
593	152.600000
594	146.000000
595	151.700000
596	152.600000
597	153.000000
598	152.700000
599	154.300000
600	145.900000
601	156.100000
602	152.000000
603	152.900000
604	154.700000
605	153.800000
606	159.700000
607	156.100000
608	150.200000
609	153.500000
610	153.800000
611	150.100000
612	154.800000
613	155.900000
614	155.300000
615	155.300000
616	149.500000
617	155.700000
618	159.100000
619	156.100000
620	155.400000
621	154.000000
622	156.200000
623	157.200000
624	155.800000
625	147.000000
626	158.400000
627	158.100000
628	159.500000
629	152.800000
630	151.000000
631	156.900000
632	155.000000
633	157.900000
634	157.100000
635	160.200000
636	157.200000
637	154.900000
638	159.800000
639	158.500000
640	150.300000
641	158.500000
642	163.800000
643	159.600000
644	158.300000
645	159.300000
646	160.000000
647	159.100000
648	152.400000
649	155.300000
650	160.300000
651	158.900000
652	159.800000
653	160.000000
654	166.400000
655	162.400000
656	157.800000
657	157.700000
658	159.900000
659	160.800000
660	155.400000
661	161.300000
662	160.600000
663	161.800000
664	157.700000
665	158.100000
666	158.800000
667	155.000000
668	159.900000
669	162.700000
670	161.900000
671	160.000000
672	155.300000
673	161.600000
674	161.800000
675	158.700000
676	161.100000
677	162.700000
678	168.600000
679	162.400000
680	164.700000
681	163.200000
682	162.200000
683	163.500000
684	164.000000
685	164.900000
686	164.900000
687	165.700000
688	160.600000
689	160.100000
690	169.000000
691	164.900000
692	166.000000
693	158.600000
694	166.000000
695	166.100000
696	166.500000
697	161.500000
698	167.800000
699	166.100000
700	166.300000
701	167.800000
702	166.900000
703	161.800000
704	158.600000
705	167.400000
706	166.200000
707	165.300000
708	164.400000
709	165.200000
710	166.400000
711	164.100000
712	165.700000
713	162.300000
714	170.400000
715	167.200000
716	167.900000
717	168.200000
718	168.400000
719	169.200000
720	162.200000
721	168.100000
722	167.600000
723	168.600000
724	169.100000
725	164.600000
726	172.200000
727	169.000000
728	169.300000
729	160.200000
730	169.500000
731	163.400000
732	167.500000
733	168.300000
734	169.100000
735	168.800000
736	166.000000
737	166.800000
738	170.900000
739	170.200000
740	171.300000
741	169.300000
742	169.500000
743	170.500000
744	169.700000
745	172.700000
746	171.000000
747	169.700000
748	171.700000
749	175.500000
750	163.600000
751	171.400000
752	168.400000
753	172.800000
754	171.900000
755	173.200000
756	167.000000
757	172.400000
758	174.500000
759	172.900000
760	173.000000
761	173.700000
762	180.700000
763	177.000000
764	172.300000
765	171.800000
766	172.300000
767	168.500000
768	165.700000
769	173.200000
770	166.600000
771	176.000000
772	174.400000
773	175.200000
774	172.700000
775	170.400000
776	174.600000
777	174.100000
778	174.200000
779	169.400000
780	177.900000
781	172.100000
782	174.000000
783	171.700000
784	171.600000
785	176.400000
786	176.000000
787	175.800000
788	175.800000
789	175.900000
790	176.900000
791	177.900000
792	169.000000
793	172.500000
794	176.400000
795	176.300000
796	176.100000
797	177.600000
798	179.500000
799	172.300000
800	170.200000
801	176.900000
802	179.700000
803	175.500000
804	177.200000
805	178.000000
806	176.500000
807	177.900000
808	180.800000
809	181.700000
810	170.600000
811	178.600000
812	178.800000
813	178.100000
814	177.200000
815	178.200000
816	180.400000
817	175.800000
818	179.200000
819	178.800000
820	178.100000
821	178.600000
822	180.500000
823	180.500000
824	178.800000
825	178.200000
826	178.500000
827	179.900000
828	179.200000
829	179.500000
830	181.400000
831	181.200000
832	177.600000
833	176.600000
834	182.100000
835	180.800000
836	179.600000
837	176.600000
838	180.600000
839	180.900000
840	173.600000
841	175.400000
842	182.600000
843	182.000000
844	182.300000
845	181.000000
846	181.200000
847	180.500000
848	178.300000
849	183.400000
850	181.800000
851	177.900000
852	182.400000
853	182.900000
854	181.900000
855	181.700000
856	183.900000
857	182.600000
858	185.900000
859	183.100000
860	182.700000
861	182.100000
862	184.200000
863	183.900000
864	178.900000
865	184.100000
866	185.100000
867	183.600000
868	183.200000
869	181.900000
870	187.000000
871	184.900000
872	186.600000
873	190.400000
874	183.600000
875	179.700000
876	185.400000
877	185.800000
878	186.400000
879	185.900000
880	180.100000
881	186.500000
882	185.000000
883	187.500000
884	185.400000
885	185.600000
886	186.800000
887	187.000000
888	186.100000
889	188.900000
890	189.400000
891	181.000000
892	186.100000
893	183.200000
894	186.200000
895	187.300000
896	181.000000
897	188.200000
898	187.800000
899	184.400000
900	186.800000
901	183.500000
902	187.200000
903	187.200000
904	191.800000
905	189.100000
906	189.600000
907	189.700000
908	189.500000
909	192.100000
910	192.000000
911	190.500000
912	189.400000
913	188.800000
914	190.700000
915	191.900000
916	190.400000
917	190.700000
918	189.700000
919	190.900000
920	190.400000
921	192.100000
922	191.100000
923	187.100000
924	185.400000
925	187.700000
926	191.500000
927	192.600000
928	187.600000
929	194.600000
930	194.200000
931	186.700000
932	192.000000
933	194.100000
934	191.800000
935	193.200000
936	192.100000
937	194.700000
938	192.800000
939	195.200000
940	191.800000
941	193.500000
942	193.400000
943	188.400000
944	191.400000
945	187.400000
946	192.600000
947	194.600000
948	197.500000
949	192.300000
950	195.100000
951	195.000000
952	194.500000
953	199.600000
954	196.100000
955	195.000000
956	195.100000
957	194.400000
958	195.400000
959	196.200000
960	188.700000
961	190.900000
962	193.800000
963	196.700000
964	196.100000
965	196.400000
966	199.800000
967	196.400000
968	196.200000
969	199.000000
970	199.700000
971	199.000000
972	191.200000
973	197.000000
974	199.100000
975	197.600000
976	195.300000
977	196.300000
978	198.600000
979	195.400000
980	196.100000
981	200.100000
982	199.900000
983	198.900000
984	198.500000
985	200.100000
986	199.100000
987	198.200000
988	197.100000
989	197.200000
990	192.600000
991	199.400000
992	196.400000
993	199.200000
994	200.800000
995	200.800000
996	201.300000
997	199.500000
998	200.000000
999	196.600000
1000	191.100000
1001	199.300000
1002	200.700000
1003	196.800000
1004	200.200000
1005	201.300000
1006	200.500000
1007	195.900000
1008	198.700000
1009	203.100000
1010	206.300000
1011	203.100000
1012	203.400000
1013	203.400000
1014	204.000000
1015	199.700000
1016	205.200000
1017	204.500000
1018	204.900000
1019	203.000000
1020	207.200000
1021	204.900000
1022	203.300000
1023	203.000000
1024	195.500000
1025	198.100000
1026	202.200000
1027	199.800000
1028	226.600000
1029	202.600000
1030	206.300000
1031	225.900000
1032	203.400000
1033	224.500000
1034	202.400000
1035	203.400000
1036	204.100000
1037	199.900000
1038	224.800000
1039	224.100000
1040	204.400000
1041	224.900000
1042	225.600000
1043	227.100000
1044	203.800000
1045	203.900000
1046	227.200000
1047	227.200000
1048	225.500000
1049	226.100000
1050	210.100000
1051	226.600000
1052	226.600000
1053	204.200000
1054	205.500000
1055	226.900000
1056	206.500000
1057	227.100000
1058	205.600000
1059	228.100000
1060	205.700000
1061	228.300000
1062	206.200000
1063	227.900000
1064	207.100000
1065	209.000000
1066	206.100000
1067	208.000000
1068	208.700000
1069	228.900000
1070	212.100000
1071	207.300000
1072	204.600000
1073	203.600000
1074	229.500000
1075	205.000000
1076	232.800000
1077	230.100000
1078	208.100000
1079	207.200000
1080	202.900000
1081	204.700000
1082	229.600000
1083	206.600000
1084	233.300000
1085	210.500000
1086	230.200000
1087	231.200000
1088	207.000000
1089	210.100000
1090	214.500000
1091	231.000000
1092	213.500000
1093	233.300000
1094	232.200000
1095	212.900000
1096	230.600000
1097	231.800000
1098	210.800000
1099	231.300000
1100	210.600000
1101	233.300000
1102	212.400000
1103	232.700000
1104	212.400000
1105	211.000000
1106	213.200000
1107	211.200000
1108	234.200000
1109	232.700000
1110	217.400000
1111	214.700000
1112	234.200000
1113	212.300000
1114	236.500000
1115	233.500000
1116	213.800000
1117	233.200000
1118	211.700000
1119	235.000000
1120	214.800000
1121	209.400000
1122	216.600000
1123	234.300000
1124	234.300000
1125	211.100000
1126	235.900000
1127	210.500000
1128	214.400000
1129	235.200000
1130	220.400000
1131	214.200000
1132	238.100000
1133	216.500000
1134	218.200000
1135	236.900000
1136	212.200000
1137	236.100000
1138	238.000000
1139	213.000000
1140	218.900000
1141	238.200000
1142	237.800000
1143	220.700000
1144	218.700000
1145	239.500000
1146	237.400000
1147	211.900000
1148	216.400000
1149	238.200000
1150	219.200000
1151	240.000000
1152	216.200000
1153	239.200000
1154	240.200000
1155	221.000000
1156	216.400000
1157	216.200000
1158	238.900000
1159	213.900000
1160	217.800000
1161	214.300000
1162	220.300000
1163	241.300000
1164	223.100000
1165	240.300000
1166	220.300000
1167	240.500000
1168	217.300000
1169	240.000000
1170	224.200000
1171	241.800000
1172	242.400000
1173	219.600000
1174	241.600000
1175	216.000000
1176	221.800000
1177	222.300000
1178	218.900000
1179	241.800000
1180	220.500000
1181	241.300000
1182	242.000000
1183	219.700000
1184	216.900000
1185	223.400000
1186	242.900000
1187	243.500000
1188	223.500000
1189	217.200000
1190	224.500000
1191	242.400000
1192	244.400000
1193	244.100000
1194	243.400000
1195	242.800000
1196	222.100000
1197	223.600000
1198	244.200000
1199	225.900000
1200	223.400000
1201	248.000000
1202	244.400000
1203	244.900000
1204	224.000000
1205	244.400000
1206	224.100000
1207	222.200000
1208	245.200000
1209	223.000000
1210	227.300000
1211	245.800000
1212	229.700000
1213	247.700000
1214	246.300000
1215	227.400000
1216	221.900000
1217	246.800000
1218	229.600000
1219	224.200000
1220	224.800000
1221	224.600000
1222	224.100000
1223	249.700000
1224	225.000000
1225	223.200000
1226	247.500000
1227	246.800000
1228	248.100000
1229	249.000000
1230	230.400000
1231	248.500000
1232	229.200000
1233	248.500000
1234	249.000000
1235	227.800000
1236	231.600000
1237	249.700000
1238	249.400000
1239	227.700000
1240	228.000000
1241	225.800000
1242	231.400000
1243	230.200000
1244	249.100000
1245	232.100000
1246	232.000000
1247	224.200000
1248	229.200000
1249	251.600000
1250	228.700000
1251	251.800000
1252	251.000000
1253	251.600000
1254	235.000000
1255	252.700000
1256	250.300000
1257	250.800000
1258	232.100000
1259	252.000000
1260	233.500000
1261	231.300000
1262	252.400000
1263	252.500000
1264	229.700000
1265	230.700000
1266	252.300000
1267	253.600000
1268	251.500000
1269	228.000000
1270	237.500000
1271	228.400000
1272	232.100000
1273	228.000000
1274	231.100000
1275	233.300000
1276	232.400000
1277	253.000000
1278	233.600000
1279	254.600000
1280	232.400000
1281	234.100000
1282	254.000000
1283	254.900000
1284	237.500000
1285	256.300000
1286	254.600000
1287	234.900000
1288	234.200000
1289	255.700000
1290	239.700000
1291	256.200000
1292	233.400000
1293	255.700000
1294	255.700000
1295	234.700000
1296	227.200000
1297	256.200000
1298	235.800000
1299	256.800000
1300	236.100000
1301	256.200000
1302	238.500000
1303	258.500000
1304	259.500000
1305	235.900000
1306	256.100000
1307	257.400000
1308	241.300000
1309	237.000000
1310	258.600000
1311	235.400000
1312	232.200000
1313	236.800000
1314	239.800000
1315	257.400000
1316	236.300000
1317	258.200000
1318	258.100000
1319	258.200000
1320	242.000000
1321	259.200000
1322	259.100000
1323	235.000000
1324	258.600000
1325	235.300000
1326	241.700000
1327	259.600000
1328	239.900000
1329	259.500000
1330	242.000000
1331	232.400000
1332	238.800000
1333	234.800000
1334	238.900000
1335	242.700000
1336	261.600000
1337	261.400000
1338	260.600000
1339	240.300000
1340	240.700000
1341	262.300000
1342	241.600000
1343	238.800000
1344	242.500000
1345	261.400000
1346	262.700000
1347	266.100000
1348	261.800000
1349	238.800000
1350	238.800000
1351	260.200000
1352	241.000000
1353	241.100000
1354	262.400000
1355	263.200000
1356	246.800000
1357	237.900000
1358	245.400000
1359	263.400000
1360	245.200000
1361	262.400000
1362	264.000000
1363	238.300000
1364	242.000000
1365	248.300000
1366	264.000000
1367	263.900000
1368	243.000000
1369	240.800000
1370	263.900000
1371	264.800000
1372	244.400000
1373	263.900000
1374	264.800000
1375	240.800000
1376	240.500000
1377	243.000000
1378	243.200000
1379	265.700000
1380	248.700000
1381	265.900000
1382	265.900000
1383	265.400000
1384	265.800000
1385	267.000000
1386	249.900000
1387	244.500000
1388	266.800000
1389	265.900000
1390	267.300000
1391	247.900000
1392	246.500000
1393	267.700000
1394	245.100000
1395	247.700000
1396	269.500000
1397	252.300000
1398	268.300000
1399	274.800000
1400	249.100000
1401	268.400000
1402	270.000000
1403	245.500000
1404	247.600000
1405	268.300000
1406	246.600000
1407	248.700000
1408	245.700000
1409	269.900000
1410	251.500000
1411	248.100000
1412	269.500000
1413	272.500000
1414	251.900000
1415	271.400000
1416	249.700000
1417	250.200000
1418	270.800000
1419	250.500000
1420	250.100000
1421	246.100000
1422	250.600000
1423	271.000000
1424	251.300000
1425	249.400000
1426	250.700000
1427	276.500000
1428	253.200000
1429	273.300000
1430	254.100000
1431	248.700000
1432	269.900000
1433	272.000000
1434	272.900000
1435	250.200000
1436	274.200000
1437	274.000000
1438	273.000000
1439	273.200000
1440	253.000000
1441	273.400000
1442	257.300000
1443	252.600000
1444	248.600000
1445	251.300000
1446	275.100000
1447	275.900000
1448	274.200000
1449	252.600000
1450	252.600000
1451	274.700000
1452	256.300000
1453	274.000000
1454	274.700000
1455	260.300000
1456	253.300000
1457	249.900000
1458	254.500000
1459	277.100000
1460	256.000000
1461	275.300000
1462	253.900000
1463	254.600000
1464	256.600000
1465	274.800000
1466	274.200000
1467	277.700000
1468	275.800000
1469	258.300000
1470	258.100000
1471	276.100000
1472	252.600000
1473	278.700000
1474	255.900000
1475	252.500000
1476	255.000000
1477	277.800000
1478	277.100000
1479	256.100000
1480	258.400000
1481	277.900000
1482	260.300000
1483	278.600000
1484	257.000000
1485	257.800000
1486	279.700000
1487	278.000000
1488	258.100000
1489	279.400000
1490	279.800000
1491	260.200000
1492	279.000000
1493	278.100000
1494	261.100000
1495	257.600000
1496	258.700000
1497	283.300000
1498	263.000000
1499	280.000000
1500	257.400000
1501	258.400000
1502	280.800000
1503	280.600000
1504	255.600000
1505	259.000000
1506	281.600000
1507	280.800000
1508	259.600000
1509	284.900000
1510	282.700000
1511	280.600000
1512	262.700000
1513	260.900000
1514	282.300000
1515	266.500000
1516	282.000000
1517	256.500000
1518	264.200000
1519	257.700000
1520	261.500000
1521	259.900000
1522	282.900000
1523	282.400000
1524	269.300000
1525	258.300000
1526	266.100000
1527	282.600000
1528	282.600000
1529	283.400000
1530	265.800000
1531	282.500000
1532	282.500000
1533	264.200000
1534	261.800000
1535	283.400000
1536	263.700000
1537	259.600000
1538	283.900000
1539	262.400000
1540	266.200000
1541	259.900000
1542	284.600000
1543	285.100000
1544	287.100000
1545	268.900000
1546	285.200000
1547	262.900000
1548	263.000000
1549	286.000000
1550	265.900000
1551	267.400000
1552	267.400000
1553	286.100000
1554	268.100000
1555	286.600000
1556	287.100000
1557	286.400000
1558	264.400000
1559	285.300000
1560	270.300000
1561	286.900000
1562	271.100000
1563	290.100000
1564	266.200000
1565	287.300000
1566	265.600000
1567	288.000000
1568	264.900000
1569	288.200000
1570	286.600000
1571	289.200000
1572	291.400000
1573	267.000000
1574	290.800000
1575	268.000000
1576	289.100000
1577	267.300000
1578	289.100000
1579	290.900000
1580	268.900000
1581	265.600000
1582	276.000000
1583	289.000000
1584	268.900000
1585	289.600000
1586	268.200000
1587	266.900000
1588	293.600000
1589	291.000000
1590	272.500000
1591	264.500000
1592	290.200000
1593	265.500000
1594	289.200000
1595	269.100000
1596	272.400000
1597	292.600000
1598	271.100000
1599	268.400000
1600	267.000000
1601	292.500000
1602	272.200000
1603	293.700000
1604	290.000000
1605	275.100000
1606	272.100000
1607	293.500000
1608	271.800000
1609	292.400000
1610	275.700000
1611	292.300000
1612	270.500000
1613	293.100000
1614	297.000000
1615	271.700000
1616	271.000000
1617	271.000000
1618	293.500000
1619	294.100000
1620	274.400000
1621	293.800000
1622	295.700000
1623	293.100000
1624	272.400000
1625	271.800000
1626	296.100000
1627	292.700000
1628	272.800000
1629	295.500000
1630	295.000000
1631	296.200000
1632	274.100000
1633	270.500000
1634	272.300000
1635	282.200000
1636	296.100000
1637	296.100000
1638	276.400000
1639	294.600000
1640	274.400000
1641	295.400000
1642	298.000000
1643	273.000000
1644	298.800000
1645	276.300000
1646	297.000000
1647	272.800000
1648	277.000000
1649	275.500000
1650	277.600000
1651	277.400000
1652	275.900000
1653	276.500000
1654	297.700000
1655	298.400000
1656	278.100000
1657	298.800000
1658	296.900000
1659	278.400000
1660	281.100000
1661	299.000000
1662	296.300000
1663	300.100000
1664	277.600000
1665	278.600000
1666	276.400000
1667	299.300000
1668	302.100000
1669	298.500000
1670	299.900000
1671	298.600000
1672	277.900000
1673	297.800000
1674	279.400000
1675	277.400000
1676	299.300000
1677	278.300000
1678	300.700000
1679	277.200000
1680	283.900000
1681	274.800000
1682	278.200000
1683	280.400000
1684	299.300000
1685	300.300000
1686	301.900000
1687	304.500000
1688	301.800000
1689	303.300000
1690	283.800000
1691	279.500000
1692	282.300000
1693	303.900000
1694	283.300000
1695	288.700000
1696	275.600000
1697	301.800000
1698	302.600000
1699	303.900000
1700	282.100000
1701	283.000000
1702	280.500000
1703	305.500000
1704	284.200000
1705	283.800000
1706	304.900000
1707	302.800000
1708	280.200000
1709	304.600000
1710	286.300000
1711	281.500000
1712	284.300000
1713	307.100000
1714	304.100000
1715	284.200000
1716	287.000000
1717	284.900000
1718	305.300000
1719	303.100000
1720	284.800000
1721	305.100000
1722	287.700000
1723	307.400000
1724	306.500000
1725	284.600000
1726	308.500000
1727	305.900000
1728	281.700000
1729	285.200000
1730	306.200000
1731	307.200000
1732	307.100000
1733	308.300000
1734	290.600000
1735	307.900000
1736	287.500000
1737	310.100000
1738	287.900000
1739	282.300000
1740	291.400000
1741	307.200000
1742	285.900000
1743	287.600000
1744	288.000000
1745	308.800000
1746	293.200000
1747	309.000000
1748	286.400000
1749	288.600000
1750	287.900000
1751	288.600000
1752	289.000000
1753	307.400000
1754	307.400000
1755	288.800000
1756	310.800000
1757	309.400000
1758	309.900000
1759	313.300000
1760	290.000000
1761	309.400000
1762	313.500000
1763	286.300000
1764	286.800000
1765	308.200000
1766	311.500000
1767	288.600000
1768	290.400000
1769	285.700000
1770	295.700000
1771	290.700000
1772	310.100000
1773	311.200000
1774	312.200000
1775	287.100000
1776	289.900000
1777	311.100000
1778	298.000000
1779	311.400000
1780	296.700000
1781	311.300000
1782	293.400000
1783	312.300000
1784	311.600000
1785	295.100000
1786	289.600000
1787	311.200000
1788	312.300000
1789	312.600000
1790	314.300000
1791	315.400000
1792	292.000000
1793	313.200000
1794	295.300000
1795	313.300000
1796	313.100000
1797	312.300000
1798	293.800000
1799	315.300000
1800	293.000000
1801	314.400000
1802	292.200000
1803	313.700000
1804	291.900000
1805	293.800000
1806	296.100000
1807	319.400000
1808	294.200000
1809	292.300000
1810	314.500000
1811	314.500000
1812	317.500000
1813	290.700000
1814	317.700000
1815	298.600000
1816	315.400000
1817	292.300000
1818	299.100000
1819	296.900000
1820	298.100000
1821	315.600000
1822	316.800000
1823	319.300000
1824	297.400000
1825	294.900000
1826	298.600000
1827	295.900000
1828	316.800000
1829	292.600000
1830	302.100000
1831	315.800000
1832	317.700000
1833	296.100000
1834	321.600000
1835	318.800000
1836	297.100000
1837	317.600000
1838	318.600000
1839	318.400000
1840	297.400000
1841	317.900000
1842	317.700000
1843	298.500000
1844	320.700000
1845	298.600000
1846	298.800000
1847	322.000000
1848	302.500000
1849	298.000000
1850	298.300000
1851	322.000000
1852	320.400000
1853	299.100000
1854	304.500000
1855	299.800000
1856	296.500000
1857	323.100000
1858	321.300000
1859	300.900000
1860	305.100000
1861	322.400000
1862	299.200000
1863	298.800000
1864	319.600000
1865	324.200000
1866	322.400000
1867	322.200000
1868	323.300000
1869	304.000000
1870	304.300000
1871	321.400000
1872	303.300000
1873	322.900000
1874	321.700000
1875	299.800000
1876	301.100000
1877	322.400000
1878	323.400000
1879	325.100000
1880	303.700000
1881	301.700000
1882	323.000000
1883	324.900000
1884	323.200000
1885	301.900000
1886	299.800000
1887	302.100000
1888	300.600000
1889	324.300000
1890	308.600000
1891	298.900000
1892	304.200000
1893	325.500000
1894	324.400000
1895	324.600000
1896	305.800000
1897	323.200000
1898	304.800000
1899	325.100000
1900	304.300000
1901	326.300000
1902	327.700000
1903	327.100000
1904	304.900000
1905	313.900000
1906	326.200000
1907	325.500000
1908	305.500000
1909	305.200000
1910	326.100000
1911	305.600000
1912	329.000000
1913	328.700000
1914	309.600000
1915	328.700000
1916	327.500000
1917	304.200000
1918	326.400000
1919	306.300000
1920	305.600000
1921	309.000000
1922	307.100000
1923	328.500000
1924	307.900000
1925	307.200000
1926	311.900000
1927	303.400000
1928	328.800000
1929	327.200000
1930	328.900000
1931	330.800000
1932	311.000000
1933	330.400000
1934	329.900000
1935	310.700000
1936	307.400000
1937	329.600000
1938	311.600000
1939	332.100000
1940	311.500000
1941	328.900000
1942	330.300000
1943	305.800000
1944	310.500000
1945	332.200000
1946	330.400000
1947	310.000000
1948	333.900000
1949	332.100000
1950	312.200000
1951	329.800000
1952	308.400000
1953	311.300000
1954	331.200000
1955	311.300000
1956	331.600000
1957	310.800000
1958	315.200000
1959	334.100000
1960	313.000000
1961	305.700000
1962	315.300000
1963	334.100000
1964	332.300000
1965	333.100000
1966	333.600000
1967	332.600000
1968	313.200000
1969	335.200000
1970	333.200000
1971	312.200000
1972	311.300000
1973	333.500000
1974	315.900000
1975	311.100000
1976	312.600000
1977	334.800000
1978	311.800000
1979	336.600000
1980	318.000000
1981	335.300000
1982	333.400000
1983	332.900000
1984	313.800000
1985	337.300000
1986	335.200000
1987	335.200000
1988	314.700000
1989	314.600000
1990	337.100000
1991	338.200000
1992	316.400000
1993	336.000000
1994	335.300000
1995	318.900000
1996	336.800000
1997	336.200000
1998	315.100000
1999	336.800000
2000	313.500000
2001	314.100000
2002	318.300000
2003	335.200000
2004	336.200000
2005	336.800000
2006	316.300000
2007	339.100000
2008	339.800000
2009	312.900000
2010	320.500000
2011	339.800000
2012	338.400000
2013	317.600000
2014	314.700000
2015	317.400000
2016	320.400000
2017	338.100000
2018	342.000000
2019	340.900000
2020	321.900000
2021	315.600000
2022	339.900000
2023	316.800000
2024	316.700000
2025	316.100000
2026	339.600000
2027	339.800000
2028	321.000000
2029	339.900000
2030	322.000000
2031	340.600000
2032	322.500000
2033	320.800000
2034	323.500000
2035	319.200000
2036	340.500000
2037	323.800000
2038	340.200000
2039	341.400000
2040	323.900000
2041	341.800000
2042	341.800000
2043	342.100000
2044	322.000000
2045	339.800000
2046	325.500000
2047	319.600000
2048	315.800000
2049	342.500000
2050	321.800000
2051	343.700000
2052	321.100000
2053	341.500000
2054	321.300000
2055	339.800000
2056	343.100000
2057	322.500000
2058	325.000000
2059	324.700000
2060	327.800000
2061	346.700000
2062	346.500000
2063	345.800000
2064	323.400000
2065	323.900000
2066	343.200000
2067	324.400000
2068	323.200000
2069	345.200000
2070	327.800000
2071	325.600000
2072	325.800000
2073	346.800000
2074	325.000000
2075	322.500000
2076	345.000000
2077	322.800000
2078	347.100000
2079	325.800000
2080	327.400000
2081	347.600000
2082	347.400000
2083	346.100000
2084	349.600000
2085	343.800000
2086	345.300000
2087	347.000000
2088	326.800000
2089	347.400000
2090	331.900000
2091	325.700000
2092	348.000000
2093	327.500000
2094	347.200000
2095	345.000000
2096	351.000000
2097	348.400000
2098	347.800000
2099	347.900000
2100	331.700000
2101	351.200000
2102	351.000000
2103	349.100000
2104	349.400000
2105	347.800000
2106	331.200000
2107	324.900000
2108	328.300000
2109	329.800000
2110	350.000000
2111	351.100000
2112	332.300000
2113	349.700000
2114	348.500000
2115	328.500000
2116	327.300000
2117	326.700000
2118	349.700000
2119	352.000000
2120	330.800000
2121	334.400000
2122	351.800000
2123	351.200000
2124	329.600000
2125	326.100000
2126	350.900000
2127	351.600000
2128	332.100000
2129	353.900000
2130	337.100000
2131	352.000000
2132	331.000000
2133	329.400000
2134	334.300000
2135	330.600000
2136	337.700000
2137	352.600000
2138	353.000000
2139	333.100000
2140	339.000000
2141	353.900000
2142	338.200000
2143	354.200000
2144	329.600000
2145	336.200000
2146	332.000000
2147	335.000000
2148	353.900000
2149	353.900000
2150	332.500000
2151	355.800000
2152	354.100000
2153	355.900000
2154	352.100000
2155	352.900000
2156	334.400000
2157	356.900000
2158	335.700000
2159	337.200000
2160	336.900000
2161	355.300000
2162	334.000000
2163	338.900000
2164	354.100000
2165	354.800000
2166	337.300000
2167	356.800000
2168	358.800000
2169	357.700000
2170	339.700000
2171	357.400000
2172	357.600000
2173	332.500000
2174	355.500000
2175	336.800000
2176	335.800000
2177	357.400000
2178	340.500000
2179	357.400000
2180	342.700000
2181	357.100000
2182	359.700000
2183	332.500000
2184	339.500000
2185	338.600000
2186	358.300000
2187	332.500000
2188	358.400000
2189	358.900000
2190	345.300000
2191	360.800000
2192	357.600000
2193	337.500000
2194	360.300000
2195	361.800000
2196	339.700000
2197	339.000000
2198	361.400000
2199	360.400000
2200	339.900000
2201	336.000000
2202	359.700000
2203	358.600000
2204	338.800000
2205	342.700000
2206	361.900000
2207	361.200000
2208	340.800000
2209	336.400000
2210	344.200000
2211	341.100000
2212	341.900000
2213	360.000000
2214	340.700000
2215	361.600000
2216	360.900000
2217	362.500000
2218	362.900000
2219	363.600000
2220	345.000000
2221	361.300000
2222	345.700000
2223	341.200000
2224	362.600000
2225	343.400000
2226	346.200000
2227	363.000000
2228	363.500000
2229	362.100000
2230	363.400000
2231	341.800000
2232	343.500000
2233	343.700000
2234	364.200000
2235	366.000000
2236	345.500000
2237	366.400000
2238	363.900000
2239	363.800000
2240	345.400000
2241	342.800000
2242	343.300000
2243	365.900000
2244	349.500000
2245	365.300000
2246	365.600000
2247	349.100000
2248	365.500000
2249	368.600000
2250	343.300000
2251	364.600000
2252	366.200000
2253	365.700000
2254	344.800000
2255	346.000000
2256	345.700000
2257	343.300000
2258	366.500000
2259	364.700000
2260	350.400000
2261	345.200000
2262	348.800000
2263	344.400000
2264	367.400000
2265	368.800000
2266	351.100000
2267	368.100000
2268	350.500000
2269	366.900000
2270	368.900000
2271	367.600000
2272	347.700000
2273	368.400000
2274	370.900000
2275	350.200000
2276	370.000000
2277	348.700000
2278	347.500000
2279	343.000000
2280	352.300000
2281	371.200000
2282	368.700000
2283	373.300000
2284	369.800000
2285	370.400000
2286	356.500000
2287	369.200000
2288	348.400000
2289	355.100000
2290	370.300000
2291	347.400000
2292	370.200000
2293	370.900000
2294	351.100000
2295	350.500000
2296	349.500000
2297	370.200000
2298	371.500000
2299	352.300000
2300	351.000000
2301	351.400000
2302	371.700000
2303	348.000000
2304	350.800000
2305	372.600000
2306	372.000000
2307	371.900000
2308	372.500000
2309	374.900000
2310	359.500000
2311	374.600000
2312	352.300000
2313	375.200000
2314	355.000000
2315	372.300000
2316	371.800000
2317	376.600000
2318	352.300000
2319	374.600000
2320	354.800000
2321	376.900000
2322	353.400000
2323	353.800000
2324	355.700000
2325	353.800000
2326	375.200000
2327	376.400000
2328	358.400000
2329	374.700000
2330	376.400000
2331	354.300000
2332	354.300000
2333	374.800000
2334	374.700000
2335	375.500000
2336	354.400000
2337	356.300000
2338	376.300000
2339	376.900000
2340	360.000000
2341	376.200000
2342	377.700000
2343	355.800000
2344	377.400000
2345	357.600000
2346	359.200000
2347	377.800000
2348	379.700000
2349	356.000000
2350	355.500000
2351	377.300000
2352	356.700000
2353	377.900000
2354	363.200000
2355	381.100000
2356	356.600000
2357	379.600000
2358	378.100000
2359	378.800000
2360	359.300000
2361	376.800000
2362	378.500000
2363	378.500000
2364	380.800000
2365	358.800000
2366	362.300000
2367	380.000000
2368	356.900000
2369	358.800000
2370	363.600000
2371	379.000000
2372	383.300000
2373	365.200000
2374	381.600000
2375	356.900000
2376	361.200000
2377	383.000000
2378	358.600000
2379	360.100000
2380	362.000000
2381	383.500000
2382	381.800000
2383	384.200000
2384	382.800000
2385	361.900000
2386	382.000000
2387	361.200000
2388	381.900000
2389	381.000000
2390	383.000000
2391	382.900000
2392	362.700000
2393	384.000000
2394	365.700000
2395	384.300000
2396	381.100000
2397	362.000000
2398	367.400000
2399	383.400000
2400	364.000000
2401	358.300000
2402	385.400000
2403	362.800000
2404	385.400000
2405	362.300000
2406	381.700000
2407	362.000000
2408	363.600000
2409	365.100000
2410	385.000000
2411	384.600000
2412	365.300000
2413	368.000000
2414	364.800000
2415	367.200000
2416	387.300000
2417	385.400000
2418	368.800000
2419	363.400000
2420	368.400000
2421	388.900000
2422	388.000000
2423	385.000000
2424	368.800000
2425	366.200000
2426	387.500000
2427	387.000000
2428	387.700000
2429	387.400000
2430	373.800000
2431	366.100000
2432	363.900000
2433	385.600000
2434	387.200000
2435	386.500000
2436	369.600000
2437	390.200000
2438	366.600000
2439	390.100000
2440	368.900000
2441	387.500000
2442	370.300000
2443	389.000000
2444	367.200000
2445	390.500000
2446	389.400000
2447	390.700000
2448	369.800000
2449	367.500000
2450	366.300000
2451	367.300000
2452	392.300000
2453	389.500000
2454	390.500000
2455	390.600000
2456	391.200000
2457	369.900000
2458	390.800000
2459	390.500000
2460	372.900000
2461	370.600000
2462	390.400000
2463	390.700000
2464	370.900000
2465	370.800000
2466	392.800000
2467	388.600000
2468	390.500000
2469	391.000000
2470	376.900000
2471	392.300000
2472	375.600000
2473	391.700000
2474	391.900000
2475	372.900000
2476	388.800000
2477	391.900000
2478	374.600000
2479	369.400000
2480	372.500000
2481	392.500000
2482	374.400000
2483	393.700000
2484	371.100000
2485	372.700000
2486	377.800000
2487	393.400000
2488	394.200000
2489	395.200000
2490	378.900000
2491	369.700000
2492	374.000000
2493	391.900000
2494	371.500000
2495	395.100000
2496	377.500000
2497	395.300000
2498	393.700000
2499	375.500000
2500	374.700000
2501	372.000000
2502	392.300000
2503	395.500000
2504	395.200000
2505	395.500000
2506	395.200000
2507	380.800000
2508	379.100000
2509	395.600000
2510	393.600000
2511	374.600000
2512	398.500000
2513	396.100000
2514	397.100000
2515	396.600000
2516	375.300000
2517	397.100000
2518	397.200000
2519	396.100000
2520	381.100000
2521	397.400000
2522	380.400000
2523	380.400000
2524	397.700000
2525	378.900000
2526	397.700000
2527	377.700000
2528	375.300000
2529	399.100000
2530	382.700000
2531	399.300000
2532	399.100000
2533	398.700000
2534	399.500000
2535	381.600000
2536	397.000000
2537	375.600000
2538	378.800000
2539	402.800000
2540	388.800000
2541	383.400000
2542	379.400000
2543	401.400000
2544	378.200000
2545	401.400000
2546	381.300000
2547	401.300000
2548	380.800000
2549	404.400000
2550	385.100000
2551	401.500000
2552	380.000000
2553	377.900000
2554	403.700000
2555	383.300000
2556	382.300000
2557	402.100000
2558	405.400000
2559	402.400000
2560	385.900000
2561	400.800000
2562	386.700000
2563	407.400000
2564	403.800000
2565	384.900000
2566	404.200000
2567	403.300000
2568	388.300000
2569	402.300000
2570	401.800000
2571	404.500000
2572	403.900000
2573	381.700000
2574	389.300000
2575	386.800000
2576	384.000000
2577	404.200000
2578	402.900000
2579	406.000000
2580	387.800000
2581	383.500000
2582	405.500000
2583	385.800000
2584	385.500000
2585	385.700000
2586	405.400000
2587	406.000000
2588	405.900000
2589	406.600000
2590	388.200000
2591	408.900000
2592	385.500000
2593	406.500000
2594	406.400000
2595	404.600000
2596	386.600000
2597	383.000000
2598	408.200000
2599	390.100000
2600	386.700000
2601	386.900000
2602	407.400000
2603	407.600000
2604	390.500000
2605	410.400000
2606	407.600000
2607	389.900000
2608	408.500000
2609	408.900000
2610	391.700000
2611	406.800000
2612	409.500000
2613	389.000000
2614	410.200000
2615	409.000000
2616	394.000000
2617	408.900000
2618	391.400000
2619	389.900000
2620	409.200000
2621	412.500000
2622	391.800000
2623	389.300000
2624	387.200000
2625	390.400000
2626	394.000000
2627	386.000000
2628	389.900000
2629	410.700000
2630	413.000000
2631	411.400000
2632	391.200000
2633	413.300000
2634	412.000000
2635	392.500000
2636	408.900000
2637	411.200000
2638	412.200000
2639	390.200000
2640	395.400000
2641	412.600000
2642	412.700000
2643	413.300000
2644	409.400000
2645	390.700000
2646	391.800000
2647	414.000000
2648	413.200000
2649	416.100000
2650	391.600000
2651	413.700000
2652	394.000000
2653	415.700000
2654	413.800000
2655	398.000000
2656	391.600000
2657	415.300000
2658	414.500000
2659	413.800000
2660	396.800000
2661	412.500000
2662	398.200000
2663	415.500000
2664	394.700000
2665	395.500000
2666	393.900000
2667	400.300000
2668	391.500000
2669	413.600000
2670	403.300000
2671	416.100000
2672	414.700000
2673	397.500000
2674	418.000000
2675	396.700000
2676	415.500000
2677	414.200000
2678	399.400000
2679	394.900000
2680	397.300000
2681	418.900000
2682	417.200000
2683	416.300000
2684	395.300000
2685	414.700000
2686	398.300000
2687	416.400000
2688	398.800000
2689	418.000000
2690	420.200000
2691	396.300000
2692	415.200000
2693	416.100000
2694	416.500000
2695	397.600000
2696	417.700000
2697	396.400000
2698	397.800000
2699	420.000000
2700	396.600000
2701	394.400000
2702	418.000000
2703	398.500000
2704	399.500000
2705	420.200000
2706	401.000000
2707	418.900000
2708	418.000000
2709	397.200000
2710	418.800000
2711	420.500000
2712	408.700000
2713	419.800000
2714	399.500000
2715	420.000000
2716	404.600000
2717	397.100000
2718	419.100000
2719	420.200000
2720	400.100000
2721	421.200000
2722	421.000000
2723	420.800000
2724	421.200000
2725	403.200000
2726	398.800000
2727	402.200000
2728	400.200000
2729	422.800000
2730	409.000000
2731	423.100000
2732	423.800000
2733	419.600000
2734	420.800000
2735	422.600000
2736	403.300000
2737	400.900000
2738	401.500000
2739	404.000000
2740	424.800000
2741	420.800000
2742	422.700000
2743	423.600000
2744	404.700000
2745	403.500000
2746	423.300000
2747	400.000000
2748	423.800000
2749	421.400000
2750	404.300000
2751	425.500000
2752	400.900000
2753	425.000000
2754	406.400000
2755	403.100000
2756	404.900000
2757	422.300000
2758	424.400000
2759	403.500000
2760	408.300000
2761	428.000000
2762	425.800000
2763	424.700000
2764	425.300000
2765	407.800000
2766	427.700000
2767	427.800000
2768	428.600000
2769	406.500000
2770	428.100000
2771	429.400000
2772	408.500000
2773	401.000000
2774	408.000000
2775	408.100000
2776	426.500000
2777	428.800000
2778	428.800000
2779	426.500000
2780	428.000000
2781	407.500000
2782	411.600000
2783	407.300000
2784	408.000000
2785	428.600000
2786	429.300000
2787	430.600000
2788	406.000000
2789	427.700000
2790	416.000000
2791	427.000000
2792	429.500000
2793	408.100000
2794	415.200000
2795	407.600000
2796	426.700000
2797	429.100000
2798	429.400000
2799	429.600000
2800	410.100000
2801	430.400000
2802	429.900000
2803	429.700000
2804	429.400000
2805	413.700000
2806	410.600000
2807	431.600000
2808	410.900000
2809	407.600000
2810	431.800000
2811	432.900000
2812	408.200000
2813	412.400000
2814	416.300000
2815	432.400000
2816	410.200000
2817	432.100000
2818	433.500000
2819	430.200000
2820	414.200000
2821	412.100000
2822	413.200000
2823	432.400000
2824	436.500000
2825	414.500000
2826	431.600000
2827	430.800000
2828	416.600000
2829	413.500000
2830	433.800000
2831	433.100000
2832	414.900000
2833	434.400000
2834	416.700000
2835	417.100000
2836	434.200000
2837	437.300000
2838	418.100000
2839	437.800000
2840	416.900000
2841	435.000000
2842	411.900000
2843	435.100000
2844	417.600000
2845	435.400000
2846	435.500000
2847	416.800000
2848	414.800000
2849	414.400000
2850	416.600000
2851	439.000000
2852	415.000000
2853	439.400000
2854	435.200000
2855	436.500000
2856	419.300000
2857	436.700000
2858	435.300000
2859	438.800000
2860	420.000000
2861	436.700000
2862	416.200000
2863	439.600000
2864	439.900000
2865	435.300000
2866	440.800000
2867	414.200000
2868	440.100000
2869	438.700000
2870	421.400000
2871	418.000000
2872	438.700000
2873	418.100000
2874	438.600000
2875	416.800000
2876	441.000000
2877	442.000000
2878	440.700000
2879	441.400000
2880	419.700000
2881	416.400000
2882	439.400000
2883	419.400000
2884	423.900000
2885	439.800000
2886	422.300000
2887	441.800000
2888	417.800000
2889	422.800000
2890	424.300000
2891	418.600000
2892	442.400000
2893	444.000000
2894	440.100000
2895	440.200000
2896	440.900000
2897	442.300000
2898	424.200000
2899	444.400000
2900	421.200000
2901	441.700000
2902	440.700000
2903	440.000000
2904	426.700000
2905	424.000000
2906	442.100000
2907	422.400000
2908	442.300000
2909	442.300000
2910	431.500000
2911	420.900000
2912	423.800000
2913	444.600000
2914	421.300000
2915	423.000000
2916	422.100000
2917	446.100000
2918	441.000000
2919	443.400000
2920	426.500000
2921	428.600000
2922	443.600000
2923	421.800000
2924	422.500000
2925	423.000000
2926	426.600000
2927	444.100000
2928	423.900000
2929	424.800000
2930	445.000000
2931	445.100000
2932	444.200000
2933	445.900000
2934	446.500000
2935	446.900000
2936	445.600000
2937	429.100000
2938	429.300000
2939	447.000000
2940	427.700000
2941	446.100000
2942	445.600000
2943	427.400000
2944	424.200000
2945	426.700000
2946	447.000000
2947	445.800000
2948	426.300000
2949	449.500000
2950	425.200000
2951	446.700000
2952	426.000000
2953	446.700000
2954	448.400000
2955	447.200000
2956	446.300000
2957	448.000000
2958	430.800000
2959	449.800000
2960	427.200000
2961	427.300000
2962	446.900000
2963	447.200000
2964	431.500000
2965	449.900000
2966	450.300000
2967	426.000000
2968	428.500000
2969	448.600000
2970	430.900000
2971	447.200000
2972	451.100000
2973	450.900000
2974	449.600000
2975	429.200000
2976	429.700000
2977	449.200000
2978	448.400000
2979	450.900000
2980	449.500000
2981	449.500000
2982	435.900000
2983	450.100000
2984	450.400000
2985	449.200000
2986	452.100000
2987	430.600000
2988	432.000000
2989	426.400000
2990	433.000000
2991	450.700000
2992	429.900000
2993	428.100000
2994	453.800000
2995	452.400000
2996	435.400000
2997	429.600000
2998	452.000000
2999	451.500000
3000	429.900000
3001	453.600000
3002	432.200000
3003	434.900000
3004	453.700000
3005	453.300000
3006	452.400000
3007	430.900000
3008	429.500000
3009	432.400000
3010	434.900000
3011	452.900000
3012	454.000000
3013	453.100000
3014	452.000000
3015	436.500000
3016	433.000000
3017	456.100000
3018	456.900000
3019	454.400000
3020	456.000000
3021	436.200000
3022	454.400000
3023	456.400000
3024	438.800000
3025	435.100000
3026	437.500000
3027	456.700000
3028	454.600000
3029	454.900000
3030	442.600000
3031	458.900000
3032	456.500000
3033	456.300000
3034	435.500000
3035	455.800000
3036	436.700000
3037	457.200000
3038	435.200000
3039	457.000000
3040	437.000000
3041	457.000000
3042	439.400000
3043	457.200000
3044	458.100000
3045	440.100000
3046	459.500000
3047	457.500000
3048	447.700000
3049	457.900000
3050	436.200000
3051	440.900000
3052	442.300000
3053	434.800000
3054	458.200000
3055	437.700000
3056	459.600000
3057	457.200000
3058	458.000000
3059	437.600000
3060	441.800000
3061	459.900000
3062	459.300000
3063	459.700000
3064	457.300000
3065	458.700000
3066	444.300000
3067	459.900000
3068	439.300000
3069	442.200000
3070	461.900000
3071	437.600000
3072	438.100000
3073	462.100000
3074	441.000000
3075	442.300000
3076	461.600000
3077	461.500000
3078	442.500000
3079	461.200000
3080	444.800000
3081	443.800000
3082	443.600000
3083	462.400000
3084	461.600000
3085	462.200000
3086	460.500000
3087	443.200000
3088	464.000000
3089	462.300000
3090	451.200000
3091	464.300000
3092	463.500000
3093	462.700000
3094	444.400000
3095	463.200000
3096	443.700000
3097	464.600000
3098	465.000000
3099	466.400000
3100	441.700000
3101	466.900000
3102	448.200000
3103	446.500000
3104	444.900000
3105	445.900000
3106	464.400000
3107	463.200000
3108	447.800000
3109	466.300000
3110	465.800000
3111	445.000000
3112	465.800000
3113	466.900000
3114	465.400000
3115	447.800000
3116	444.000000
3117	466.200000
3118	467.500000
3119	467.000000
3120	450.300000
3121	467.100000
3122	466.400000
3123	469.700000
3124	447.500000
3125	443.500000
3126	468.800000
3127	444.900000
3128	445.700000
3129	468.700000
3130	468.500000
3131	447.900000
3132	446.600000
3133	468.300000
3134	468.700000
3135	451.800000
3136	445.400000
3137	470.400000
3138	468.400000
3139	446.000000
3140	469.300000
3141	469.800000
3142	466.900000
3143	468.800000
3144	470.300000
3145	449.200000
3146	451.900000
3147	469.700000
3148	469.900000
3149	445.700000
3150	452.500000
3151	473.900000
3152	470.500000
3153	470.600000
3154	450.600000
3155	470.300000
3156	468.300000
3157	450.600000
3158	472.100000
3159	453.000000
3160	452.500000
3161	451.900000
3162	453.500000
3163	469.600000
3164	455.600000
3165	472.100000
3166	473.600000
3167	473.500000
3168	452.500000
3169	473.500000
3170	472.900000
3171	475.200000
3172	452.000000
3173	473.900000
3174	456.400000
3175	455.500000
3176	472.700000
3177	470.900000
3178	475.400000
3179	452.800000
3180	458.900000
3181	473.800000
3182	452.400000
3183	472.700000
3184	471.200000
3185	455.800000
3186	454.300000
3187	476.300000
3188	476.700000
3189	475.000000
3190	458.900000
3191	474.800000
3192	460.700000
3193	456.400000
3194	475.400000
3195	456.600000
3196	453.900000
3197	476.800000
3198	457.800000
3199	476.500000
3200	453.700000
3201	460.200000
3202	476.100000
3203	477.300000
3204	459.300000
3205	475.400000
3206	475.400000
3207	476.900000
3208	479.800000
3209	477.100000
3210	464.500000
3211	454.800000
3212	456.700000
3213	456.700000
3214	477.900000
3215	477.300000
3216	458.500000
3217	477.700000
3218	475.000000
3219	455.500000
3220	460.700000
3221	478.500000
3222	479.800000
3223	480.500000
3224	458.300000
3225	457.900000
3226	478.400000
3227	478.800000
3228	479.400000
3229	478.800000
3230	462.500000
3231	478.500000
3232	459.900000
3233	456.800000
3234	462.500000
3235	480.300000
3236	479.300000
3237	463.700000
3238	480.800000
3239	457.300000
3240	463.900000
3241	480.500000
3242	482.700000
3243	460.300000
3244	480.900000
3245	462.000000
3246	480.500000
3247	481.600000
3248	462.000000
3249	460.100000
3250	461.400000
3251	482.600000
3252	479.900000
3253	481.100000
3254	482.100000
3255	464.900000
3256	461.300000
3257	483.100000
3258	481.900000
3259	480.300000
3260	482.200000
3261	485.000000
3262	485.700000
3263	485.100000
3264	464.800000
3265	483.100000
3266	462.300000
3267	462.600000
3268	464.100000
3269	485.500000
3270	473.300000
3271	484.600000
3272	483.000000
3273	484.300000
3274	484.300000
3275	486.700000
3276	467.600000
3277	466.700000
3278	484.300000
3279	483.800000
3280	464.600000
3281	485.900000
3282	489.600000
3283	462.900000
3284	487.900000
3285	468.200000
3286	462.800000
3287	489.700000
3288	486.100000
3289	466.500000
3290	469.100000
3291	487.000000
3292	485.900000
3293	465.000000
3294	466.200000
3295	489.200000
3296	467.300000
3297	487.500000
3298	470.900000
3299	486.400000
3300	470.500000
3301	492.500000
3302	473.600000
3303	489.400000
3304	469.000000
3305	488.400000
3306	469.900000
3307	488.000000
3308	491.700000
3309	488.300000
3310	488.300000
3311	469.200000
3312	468.300000
3313	487.400000
3314	489.500000
3315	475.100000
3316	490.300000
3317	472.500000
3318	474.300000
3319	487.800000
3320	472.200000
3321	468.700000
3322	490.100000
3323	492.500000
3324	490.700000
3325	471.500000
3326	493.100000
3327	490.400000
3328	472.000000
3329	491.000000
3330	474.400000
3331	491.500000
3332	469.500000
3333	475.400000
3334	491.100000
3335	470.400000
3336	494.000000
3337	469.300000
3338	494.600000
3339	470.600000
3340	490.200000
3341	492.300000
3342	493.800000
3343	492.700000
3344	474.400000
3345	493.200000
3346	494.100000
3347	491.200000
3348	472.300000
3349	496.100000
3350	473.700000
3351	493.000000
3352	494.900000
3353	490.500000
3354	475.600000
3355	473.500000
3356	493.900000
3357	494.500000
3358	474.000000
3359	494.600000
3360	477.200000
3361	497.600000
3362	473.000000
3363	473.100000
3364	472.400000
3365	497.000000
3366	477.300000
3367	473.600000
3368	497.100000
3369	495.700000
3370	497.500000
3371	497.300000
3372	494.900000
3373	495.400000
3374	497.500000
3375	472.000000
3376	497.700000
3377	496.900000
3378	496.400000
3379	477.800000
3380	478.500000
3381	477.400000
3382	478.000000
3383	498.000000
3384	476.000000
3385	500.600000
3386	495.500000
3387	498.600000
3388	480.600000
3389	498.000000
3390	486.800000
3391	498.800000
3392	475.700000
3393	475.900000
3394	501.600000
3395	482.300000
3396	500.400000
3397	477.100000
3398	499.400000
3399	482.300000
3400	477.800000
3401	502.200000
3402	488.200000
3403	477.900000
3404	477.400000
3405	499.200000
3406	498.200000
3407	504.900000
3408	481.100000
3409	501.700000
3410	486.600000
3411	500.500000
3412	498.300000
3413	500.400000
3414	501.800000
3415	501.500000
3416	480.900000
3417	484.000000
3418	503.200000
3419	501.900000
3420	487.900000
3421	501.500000
3422	480.800000
3423	502.600000
3424	483.600000
3425	499.800000
3426	502.300000
3427	504.200000
3428	504.000000
3429	487.000000
3430	486.500000
3431	481.300000
3432	485.300000
3433	504.900000
3434	486.800000
3435	505.100000
3436	505.500000
3437	504.500000
3438	503.000000
3439	506.400000
3440	485.400000
3441	483.000000
3442	505.900000
3443	505.600000
3444	485.600000
3445	483.100000
3446	507.000000
3447	504.000000
3448	504.700000
3449	505.400000
3450	488.400000
3451	482.600000
3452	505.600000
3453	506.900000
3454	507.300000
3455	506.200000
3456	486.300000
3457	505.300000
3458	488.500000
3459	506.400000
3460	507.800000
3461	507.700000
3462	507.800000
3463	509.300000
3464	507.000000
3465	490.500000
3466	509.200000
3467	509.400000
3468	490.100000
3469	508.800000
3470	506.400000
3471	490.200000
3472	488.900000
3473	511.000000
3474	507.200000
3475	508.000000
3476	488.000000
3477	485.600000
3478	487.000000
3479	484.300000
3480	493.100000
3481	486.900000
3482	510.500000
3483	486.600000
3484	488.500000
3485	488.000000
3486	493.500000
3487	508.900000
3488	490.800000
3489	509.400000
3490	509.700000
3491	509.400000
3492	494.000000
3493	512.500000
3494	509.400000
3495	512.300000
3496	488.900000
3497	512.500000
3498	493.900000
3499	510.700000
3500	489.900000
3501	512.200000
3502	492.800000
3503	491.500000
3504	491.600000
3505	513.600000
3506	511.800000
3507	513.000000
3508	509.900000
3509	489.600000
3510	496.700000
3511	512.000000
3512	512.300000
3513	512.100000
3514	515.000000
3515	490.300000
3516	512.600000
3517	512.600000
3518	512.100000
3519	492.700000
3520	495.000000
3521	511.600000
3522	515.100000
3523	513.300000
3524	513.200000
3525	492.600000
3526	491.900000
3527	511.400000
3528	493.200000
3529	513.300000
3530	514.200000
3531	499.900000
3532	513.900000
3533	513.300000
3534	496.300000
3535	497.800000
3536	494.400000
3537	517.100000
3538	497.200000
3539	515.800000
3540	497.500000
3541	515.400000
3542	501.000000
3543	515.600000
3544	515.800000
3545	514.900000
3546	514.700000
3547	516.800000
3548	517.600000
3549	501.500000
3550	496.000000
3551	494.400000
3552	493.600000
3553	495.400000
3554	516.900000
3555	499.500000
3556	504.000000
3557	518.100000
3558	516.200000
3559	516.000000
3560	500.400000
3561	517.300000
3562	517.700000
3563	518.200000
3564	500.800000
3565	495.300000
3566	518.800000
3567	496.700000
3568	520.800000
3569	497.400000
3570	506.300000
3571	517.100000
3572	498.100000
3573	518.800000
3574	520.300000
3575	499.500000
3576	522.800000
3577	497.300000
3578	518.500000
3579	520.300000
3580	522.500000
3581	522.300000
3582	520.100000
3583	518.700000
3584	502.800000
3585	520.900000
3586	519.900000
3587	522.100000
3588	503.600000
3589	500.400000
3590	519.500000
3591	501.900000
3592	520.900000
3593	522.000000
3594	523.300000
3595	521.100000
3596	498.800000
3597	506.300000
3598	523.600000
3599	500.000000
3600	501.900000
3601	522.900000
3602	520.600000
3603	521.800000
3604	502.000000
3605	507.700000
3606	523.600000
3607	523.100000
3608	501.700000
3609	523.900000
3610	506.900000
3611	525.100000
3612	506.000000
3613	524.200000
3614	525.000000
3615	523.000000
3616	506.400000
3617	525.200000
3618	504.800000
3619	505.500000
3620	524.700000
3621	504.700000
3622	525.800000
3623	525.700000
3624	526.900000
3625	501.100000
3626	506.100000
3627	503.600000
3628	526.200000
3629	526.400000
3630	516.100000
3631	525.500000
3632	526.600000
3633	524.900000
3634	507.300000
3635	527.900000
3636	510.400000
3637	530.200000
3638	512.000000
3639	527.300000
3640	510.000000
3641	529.700000
3642	528.100000
3643	528.100000
3644	529.500000
3645	511.200000
3646	526.400000
3647	530.200000
3648	512.000000
3649	508.100000
3650	508.800000
3651	531.100000
3652	509.100000
3653	529.100000
3654	511.200000
3655	508.600000
3656	529.900000
3657	507.600000
3658	507.600000
3659	532.100000
3660	512.500000
3661	530.200000
3662	528.900000
3663	508.900000
3664	528.100000
3665	530.400000
3666	513.100000
3667	531.100000
3668	531.100000
3669	533.000000
3670	530.000000
3671	531.900000
3672	511.000000
3673	533.100000
3674	530.500000
3675	510.000000
3676	531.200000
3677	529.600000
3678	532.000000
3679	533.500000
3680	513.100000
3681	532.300000
3682	529.800000
3683	515.900000
3684	532.500000
3685	514.200000
3686	516.900000
3687	533.200000
3688	530.600000
3689	511.000000
3690	515.400000
3691	534.800000
3692	512.600000
3693	535.900000
3694	532.000000
3695	533.800000
3696	519.300000
3697	534.300000
3698	515.000000
3699	533.100000
3700	512.400000
3701	533.700000
3702	535.300000
3703	511.600000
3704	534.600000
3705	518.000000
3706	518.400000
3707	532.500000
3708	518.900000
3709	535.500000
3710	519.400000
3711	534.600000
3712	512.900000
3713	512.900000
3714	538.400000
3715	535.000000
3716	540.800000
3717	516.200000
3718	517.200000
3719	533.100000
3720	519.600000
3721	513.000000
3722	537.600000
3723	516.800000
3724	518.100000
3725	534.800000
3726	518.800000
3727	536.600000
3728	537.800000
3729	524.900000
3730	537.400000
3731	517.700000
3732	537.900000
3733	538.200000
3734	541.600000
3735	520.000000
3736	537.700000
3737	516.900000
3738	524.800000
3739	538.900000
3740	523.200000
3741	518.100000
3742	538.500000
3743	537.300000
3744	517.900000
3745	523.000000
3746	540.300000
3747	541.400000
3748	539.700000
3749	540.600000
3750	522.100000
3751	518.000000
3752	519.700000
3753	540.600000
3754	540.300000
3755	538.400000
3756	540.400000
3757	518.700000
3758	540.100000
3759	545.000000
3760	521.700000
3761	540.200000
3762	525.900000
3763	517.800000
3764	541.000000
3765	543.100000
3766	541.200000
3767	541.800000
3768	542.800000
3769	542.300000
3770	524.700000
3771	541.400000
3772	519.700000
3773	521.000000
3774	525.300000
3775	542.500000
3776	520.200000
3777	545.400000
3778	542.300000
3779	540.800000
3780	528.400000
3781	543.900000
3782	522.000000
3783	526.600000
3784	522.600000
3785	541.400000
3786	545.900000
3787	545.200000
3788	544.100000
3789	544.300000
3790	545.700000
3791	541.700000
3792	525.900000
3793	544.800000
3794	545.600000
3795	527.500000
3796	524.300000
3797	543.900000
3798	544.300000
3799	548.900000
3800	525.200000
3801	548.000000
3802	544.200000
3803	549.300000
3804	545.300000
3805	547.600000
3806	549.200000
3807	524.400000
3808	524.500000
3809	545.700000
3810	536.600000
3811	526.900000
3812	547.200000
3813	526.500000
3814	547.400000
3815	531.100000
3816	528.000000
3817	549.700000
3818	528.200000
3819	528.500000
3820	547.400000
3821	548.100000
3822	530.900000
3823	548.600000
3824	550.200000
3825	529.100000
3826	546.600000
3827	527.200000
3828	531.100000
3829	550.400000
3830	549.400000
3831	550.900000
3832	548.200000
3833	549.400000
3834	532.100000
3835	529.700000
3836	549.600000
3837	551.800000
3838	533.000000
3839	551.100000
3840	532.600000
3841	550.000000
3842	536.200000
3843	531.100000
3844	526.600000
3845	553.100000
3846	551.900000
3847	552.300000
3848	530.900000
3849	551.800000
3850	535.400000
3851	551.600000
3852	536.500000
3853	554.000000
3854	532.500000
3855	552.800000
3856	552.700000
3857	530.900000
3858	553.100000
3859	553.900000
3860	553.400000
3861	533.100000
3862	552.400000
3863	553.000000
3864	538.200000
3865	555.600000
3866	553.100000
3867	554.500000
3868	553.600000
3869	531.900000
3870	537.100000
3871	532.000000
3872	535.100000
3873	552.600000
3874	555.800000
3875	530.700000
3876	537.400000
3877	555.500000
3878	555.200000
3879	553.700000
3880	540.500000
3881	555.300000
3882	555.400000
3883	559.200000
3884	556.800000
3885	537.800000
3886	534.200000
3887	533.400000
3888	540.000000
3889	556.300000
3890	556.800000
3891	554.100000
3892	558.400000
3893	557.200000
3894	540.600000
3895	535.600000
3896	556.300000
3897	555.300000
3898	557.400000
3899	560.200000
3900	540.200000
3901	535.400000
3902	555.600000
3903	556.300000
3904	535.100000
3905	538.700000
3906	540.700000
3907	557.500000
3908	556.000000
3909	560.900000
3910	542.600000
3911	557.600000
3912	558.800000
3913	536.400000
3914	540.500000
3915	539.500000
3916	542.200000
3917	560.800000
3918	559.600000
3919	560.900000
3920	538.100000
3921	559.400000
3922	538.400000
3923	562.100000
3924	544.500000
3925	559.100000
3926	559.000000
3927	545.300000
3928	561.800000
3929	560.200000
3930	562.600000
3931	559.500000
3932	560.400000
3933	542.800000
3934	564.600000
3935	560.800000
3936	540.200000
3937	542.900000
3938	562.600000
3939	545.300000
3940	561.300000
3941	562.400000
3942	542.600000
3943	559.400000
3944	542.200000
3945	565.200000
3946	566.200000
3947	563.500000
3948	544.300000
3949	561.500000
3950	543.600000
3951	563.800000
3952	543.800000
3953	540.200000
3954	564.200000
3955	549.100000
3956	541.000000
3957	562.600000
3958	565.600000
3959	545.900000
3960	547.400000
3961	563.400000
3962	563.600000
3963	565.900000
3964	566.000000
3965	544.600000
3966	562.200000
3967	565.100000
3968	542.700000
3969	542.800000
3970	564.000000
3971	542.400000
3972	565.400000
3973	565.200000
3974	564.300000
3975	545.700000
3976	545.500000
3977	544.300000
3978	548.300000
3979	565.900000
3980	565.200000
3981	567.900000
3982	565.900000
3983	563.600000
3984	550.300000
3985	569.500000
3986	566.800000
3987	567.100000
3988	567.300000
3989	569.700000
3990	553.100000
3991	566.900000
3992	566.900000
3993	551.300000
3994	566.700000
3995	547.300000
3996	546.500000
3997	567.800000
3998	568.500000
3999	547.400000
4000	544.800000
4001	568.700000
4002	549.800000
4003	568.300000
4004	553.100000
4005	551.200000
4006	569.500000
4007	571.200000
4008	568.400000
4009	569.700000
4010	570.500000
4011	567.100000
4012	548.500000
4013	570.200000
4014	571.700000
4015	552.700000
4016	570.300000
4017	554.100000
4018	548.500000
4019	571.300000
4020	553.700000
4021	570.800000
4022	574.600000
4023	570.400000
4024	570.200000
4025	550.600000
4026	554.400000
4027	573.500000
4028	547.400000
4029	552.500000
4030	554.300000
4031	571.600000
4032	552.900000
4033	553.700000
4034	570.500000
4035	575.300000
4036	573.500000
4037	572.200000
4038	572.200000
4039	570.800000
4040	556.200000
4041	576.100000
4042	551.400000
4043	573.400000
4044	571.500000
4045	571.800000
4046	558.200000
4047	554.600000
4048	553.900000
4049	576.300000
4050	554.600000
4051	573.700000
4052	573.800000
4053	574.100000
4054	573.400000
4055	576.300000
4056	555.600000
4057	577.900000
4058	573.900000
4059	555.200000
4060	558.400000
4061	574.400000
4062	573.900000
4063	575.200000
4064	558.900000
4065	577.300000
4066	558.900000
4067	553.400000
4068	559.200000
4069	575.400000
4070	560.400000
4071	556.000000
4072	575.700000
4073	573.800000
4074	563.900000
4075	577.000000
4076	578.100000
4077	578.000000
4078	575.700000
4079	575.700000
4080	560.800000
4081	556.600000
4082	577.500000
4083	577.100000
4084	575.000000
4085	557.200000
4086	579.400000
4087	558.000000
4088	560.400000
4089	556.800000
4090	578.400000
4091	579.200000
4092	562.000000
4093	579.100000
4094	561.300000
4095	561.100000
4096	556.400000
